M z y MLa eta f0
2.0 0.015 0.25 1.6 0.12 0.0001
2.4 0.0225 0.3 1.95 0.21 0.01255
2.5999999999999996 0.01875 0.275 1.775 0.255 0.018775
2.2 0.02625 0.32499999999999996 2.125 0.16499999999999998 0.006325000000000001
2.3 0.020624999999999998 0.3125 2.2125 0.1875 0.0032125
2.6999999999999997 0.028124999999999997 0.2625 1.8625 0.27749999999999997 0.015662500000000003
2.5 0.016875 0.33749999999999997 2.0375 0.23249999999999998 0.0218875
2.1 0.024375 0.2875 1.6875 0.1425 0.0094375
2.15 0.0196875 0.34375 1.90625 0.22125 0.007881250000000001
2.55 0.0271875 0.29375 2.2562499999999996 0.13125 0.020331250000000002
2.75 0.0159375 0.31875 1.73125 0.17625 0.01410625
2.35 0.0234375 0.26875 2.08125 0.26625 0.0016562500000000002
2.25 0.0178125 0.28125 1.99375 0.28874999999999995 0.01099375
2.65 0.025312499999999998 0.33125 1.64375 0.19874999999999998 0.023443750000000003
2.4499999999999997 0.0215625 0.25625 2.1687499999999997 0.15375 0.01721875
2.05 0.029062499999999998 0.30624999999999997 1.81875 0.24375 0.00476875
2.075 0.02203125 0.296875 2.0593749999999997 0.170625 0.024221875
2.4749999999999996 0.02953125 0.346875 1.709375 0.260625 0.011771875000000001
2.675 0.01828125 0.271875 2.234375 0.215625 0.005546875000000001
2.275 0.02578125 0.32187499999999997 1.884375 0.125625 0.017996875000000002
2.375 0.01640625 0.334375 1.796875 0.148125 0.021109375
2.775 0.023906249999999997 0.284375 2.1468749999999996 0.23812499999999998 0.008659375
2.5749999999999997 0.02015625 0.30937499999999996 1.6218750000000002 0.28312499999999996 0.002434375
2.175 0.02765625 0.259375 1.9718749999999998 0.193125 0.014884375
2.125 0.017343749999999998 0.303125 2.190625 0.271875 0.016440625
2.525 0.024843749999999998 0.253125 1.840625 0.181875 0.003990625
2.7249999999999996 0.02109375 0.328125 2.015625 0.136875 0.010215625
2.325 0.02859375 0.278125 1.6656250000000001 0.226875 0.022665625000000002
2.225 0.01921875 0.265625 1.753125 0.24937499999999999 0.013328125
2.625 0.02671875 0.315625 2.103125 0.159375 0.0008781250000000001
2.425 0.01546875 0.290625 1.928125 0.20437499999999997 0.007103125000000001
2.025 0.02296875 0.34062499999999996 2.2781249999999997 0.294375 0.019553125
2.0375 0.018984374999999998 0.3203125 1.9828124999999999 0.14531249999999998 0.0230546875
2.4375 0.026484374999999998 0.2703125 1.6328125 0.23531249999999998 0.0106046875
2.6374999999999997 0.015234375 0.34531249999999997 2.1578125 0.28031249999999996 0.004379687500000001
2.2375 0.022734375 0.2953125 1.8078125 0.1903125 0.0168296875
2.3375 0.017109375 0.2578125 1.8953125 0.1678125 0.0199421875
2.7375 0.024609375 0.3078125 2.2453125 0.2578125 0.007492187500000001
2.5374999999999996 0.020859375 0.2828125 1.7203125000000001 0.2128125 0.0012671875
2.1375 0.028359375 0.33281249999999996 2.0703125 0.12281249999999999 0.0137171875
2.1875 0.016171875 0.2765625 2.2890625 0.2465625 0.0183859375
2.5875 0.023671875 0.3265625 1.9390625 0.1565625 0.005935937500000001
2.7874999999999996 0.019921875 0.2515625 2.1140624999999997 0.20156249999999998 0.0121609375
2.3874999999999997 0.027421875 0.3015625 1.7640625 0.2915625 0.024610937500000003
2.2875 0.021796875 0.3390625 1.6765625000000002 0.2690625 0.0152734375
2.6875 0.029296875 0.2890625 2.0265625 0.17906249999999999 0.0028234375
2.4875 0.018046875 0.31406249999999997 1.8515625 0.1340625 0.009048437500000001
2.0875 0.025546874999999997 0.2640625 2.2015624999999996 0.2240625 0.021498437500000002
2.0625 0.018515625 0.32968749999999997 1.6984375 0.1959375 0.0020453125000000003
2.4625 0.026015625 0.2796875 2.0484375 0.28593749999999996 0.014495312500000001
2.6624999999999996 0.022265624999999997 0.3046875 1.8734375 0.24093749999999997 0.0207203125
2.2625 0.029765624999999997 0.2546875 2.2234374999999997 0.1509375 0.0082703125
2.3625 0.020390625 0.2921875 2.1359375 0.12843749999999998 0.005157812500000001
2.7624999999999997 0.027890625 0.3421875 1.7859375 0.2184375 0.0176078125
2.5625 0.016640625 0.2671875 1.9609375 0.2634375 0.0238328125
2.1625 0.024140625 0.31718749999999996 1.6109375000000001 0.1734375 0.0113828125
2.1125 0.021328125 0.2734375 1.8296875 0.2971875 0.0067140625
2.5124999999999997 0.028828125 0.3234375 2.1796875 0.2071875 0.019164062500000002
2.7125 0.017578125 0.29843749999999997 1.6546875 0.16218749999999998 0.012939062500000001
2.3125 0.025078125 0.34843749999999996 2.0046875 0.2521875 0.0004890625
2.2125 0.015703125 0.3109375 2.0921875 0.2296875 0.0098265625
2.6125 0.023203124999999998 0.2609375 1.7421875 0.1396875 0.0222765625
2.4125 0.019453124999999998 0.3359375 2.2671875 0.1846875 0.0160515625
2.0125 0.026953125 0.2859375 1.9171875 0.2746875 0.0036015625
2.01875 0.0209765625 0.33203125 2.18515625 0.23671874999999998 0.01118828125
2.4187499999999997 0.028476562499999997 0.28203125 1.83515625 0.14671875 0.02363828125
2.61875 0.0172265625 0.30703125 2.01015625 0.19171875 0.01741328125
2.21875 0.0247265625 0.25703125 1.66015625 0.28171875 0.004963281250000001
2.31875 0.015351562499999999 0.29453124999999997 1.74765625 0.25921875 0.00807578125
2.71875 0.0228515625 0.34453124999999996 2.09765625 0.16921875 0.02052578125
2.51875 0.0191015625 0.26953125 1.92265625 0.12421874999999999 0.01430078125
2.11875 0.0266015625 0.31953125 2.27265625 0.21421874999999999 0.0018507812500000002
2.16875 0.018164062499999998 0.26328125 2.05390625 0.15796875 0.00340703125
2.5687499999999996 0.0256640625 0.31328124999999996 1.70390625 0.24796875 0.01585703125
2.76875 0.021914062499999998 0.28828125 2.2289062499999996 0.29296875 0.022082031250000002
2.36875 0.029414062499999998 0.33828125 1.87890625 0.20296874999999998 0.00963203125
2.26875 0.0200390625 0.30078125 1.79140625 0.18046874999999998 0.00029453125000000003
2.6687499999999997 0.0275390625 0.25078125 2.1414062499999997 0.27046875 0.01274453125
2.46875 0.0162890625 0.32578124999999997 1.61640625 0.22546875 0.01896953125
2.06875 0.0237890625 0.27578125 1.96640625 0.13546875 0.006519531250000001
2.09375 0.0167578125 0.31640625 1.9445312499999998 0.28734375 0.01352265625
2.49375 0.0242578125 0.26640625 2.29453125 0.19734374999999998 0.00107265625
2.6937499999999996 0.0205078125 0.34140624999999997 1.76953125 0.15234375 0.007297656250000001
2.29375 0.0280078125 0.29140625 2.1195312499999996 0.24234375 0.019747656250000002
2.39375 0.022382812499999998 0.25390625 2.0320312499999997 0.21984375 0.01663515625
2.7937499999999997 0.0298828125 0.30390625 1.68203125 0.12984375 0.0041851562500000005
2.59375 0.0186328125 0.27890625 2.20703125 0.17484375 0.01041015625
2.19375 0.026132812499999998 0.32890624999999996 1.85703125 0.26484375 0.022860156250000003
2.14375 0.0195703125 0.28515625 1.6382812500000001 0.20859375 0.02130390625
2.5437499999999997 0.0270703125 0.33515625 1.98828125 0.29859375 0.00885390625
2.74375 0.0158203125 0.26015625 1.81328125 0.25359374999999995 0.00262890625
2.34375 0.0233203125 0.31015624999999997 2.16328125 0.16359374999999998 0.015078906250000001
2.24375 0.017695312499999998 0.34765625 2.2507812499999997 0.14109375 0.02441640625
2.64375 0.025195312499999997 0.29765625 1.90078125 0.23109375 0.01196640625
2.44375 0.0214453125 0.32265625 2.07578125 0.27609375 0.005741406250000001
2.04375 0.0289453125 0.27265625 1.72578125 0.18609375 0.01819140625
2.03125 0.0169921875 0.28984375 1.84609375 0.21140625 0.01546796875
2.43125 0.0244921875 0.33984375 2.1960937499999997 0.12140625 0.0030179687500000003
2.6312499999999996 0.0207421875 0.26484375 1.67109375 0.16640624999999998 0.00924296875
2.23125 0.028242187499999998 0.31484375 2.02109375 0.25640625 0.02169296875
2.33125 0.0188671875 0.32734375 2.10859375 0.27890625 0.018580468750000002
2.7312499999999997 0.0263671875 0.27734375 1.75859375 0.18890625 0.0061304687500000005
2.53125 0.015117187499999999 0.30234374999999997 2.2835937499999996 0.14390624999999999 0.012355468750000001
2.13125 0.0226171875 0.25234375 1.93359375 0.23390624999999998 0.02480546875
2.18125 0.0216796875 0.30859375 1.71484375 0.13265625 0.02013671875
2.58125 0.0291796875 0.25859375 2.06484375 0.22265625 0.007686718750000001
2.78125 0.0179296875 0.33359374999999997 1.88984375 0.26765625 0.0014617187500000001
2.38125 0.0254296875 0.28359375 2.23984375 0.17765625 0.013911718750000001
2.28125 0.016054687499999998 0.27109375 2.15234375 0.20015624999999998 0.02324921875
2.68125 0.023554687499999998 0.32109374999999996 1.80234375 0.29015625 0.01079921875
2.4812499999999997 0.0198046875 0.29609375 1.97734375 0.24515625 0.004574218750000001
2.08125 0.0273046875 0.34609375 1.62734375 0.15515625 0.01702421875
2.05625 0.020273437499999998 0.26171875 2.26171875 0.26203125 0.01002109375
2.45625 0.027773437499999998 0.31171875 1.91171875 0.17203125 0.02247109375
2.65625 0.016523437499999998 0.28671875 2.0867187499999997 0.12703124999999998 0.01624609375
2.25625 0.0240234375 0.33671874999999996 1.73671875 0.21703125 0.00379609375
2.3562499999999997 0.0183984375 0.32421875 1.6492187500000002 0.23953124999999997 0.006908593750000001
2.7562499999999996 0.0258984375 0.27421875 1.9992187499999998 0.14953125 0.01935859375
2.55625 0.0221484375 0.34921874999999997 1.82421875 0.19453125 0.01313359375
2.15625 0.0296484375 0.29921875 2.1742187499999996 0.28453125 0.0006835937500000001
2.10625 0.015585937499999999 0.34296875 1.95546875 0.18328125 0.00535234375
2.5062499999999996 0.0230859375 0.29296875 1.60546875 0.27328125000000003 0.01780234375
2.70625 0.019335937499999997 0.31796874999999997 2.13046875 0.22828125 0.024027343750000003
2.30625 0.026835937499999997 0.26796875 1.78046875 0.13828125 0.01157734375
2.20625 0.0212109375 0.28046875 1.86796875 0.16078125 0.00223984375
2.6062499999999997 0.0287109375 0.33046875 2.21796875 0.25078124999999996 0.01468984375
2.40625 0.0174609375 0.25546875 1.6929687500000001 0.29578125 0.020914843750000002
2.00625 0.0249609375 0.30546875 2.04296875 0.20578125 0.00846484375
2.009375 0.01998046875 0.279296875 1.7339843750000001 0.282421875 0.016926953125
2.409375 0.02748046875 0.329296875 2.083984375 0.192421875 0.0044769531250000005
2.609375 0.01623046875 0.254296875 1.908984375 0.14742187499999998 0.010701953125
2.209375 0.023730468749999997 0.30429687499999997 2.258984375 0.237421875 0.023151953125000003
2.309375 0.01810546875 0.341796875 2.171484375 0.21492187499999998 0.013814453125
2.7093749999999996 0.02560546875 0.291796875 1.821484375 0.124921875 0.0013644531250000002
2.509375 0.02185546875 0.316796875 1.9964843749999999 0.169921875 0.007589453125000001
2.109375 0.02935546875 0.266796875 1.646484375 0.25992187499999997 0.020039453125000002
2.159375 0.01529296875 0.32304687499999996 1.777734375 0.203671875 0.024708203125
2.5593749999999997 0.02279296875 0.273046875 2.1277343749999997 0.293671875 0.012258203125
2.759375 0.01904296875 0.348046875 1.602734375 0.248671875 0.006033203125000001
2.359375 0.02654296875 0.298046875 1.952734375 0.158671875 0.018483203125
2.259375 0.020917968749999998 0.260546875 2.040234375 0.136171875 0.021595703125
2.659375 0.02841796875 0.310546875 1.690234375 0.226171875 0.009145703125
2.459375 0.01716796875 0.285546875 2.2152343749999996 0.27117187499999995 0.002920703125
2.059375 0.024667968749999998 0.33554687499999997 1.865234375 0.18117187499999998 0.015370703125000001
2.084375 0.01763671875 0.269921875 2.018359375 0.243046875 0.008367578125
2.484375 0.02513671875 0.31992187499999997 1.668359375 0.153046875 0.020817578125
2.6843749999999997 0.02138671875 0.294921875 2.193359375 0.198046875 0.014592578125
2.284375 0.02888671875 0.344921875 1.843359375 0.288046875 0.002142578125
2.384375 0.01951171875 0.307421875 1.930859375 0.26554687499999996 0.011480078125000001
2.784375 0.027011718749999997 0.257421875 2.280859375 0.175546875 0.023930078125
2.5843749999999996 0.01576171875 0.332421875 1.755859375 0.130546875 0.017705078125000002
2.184375 0.02326171875 0.282421875 2.1058593749999996 0.22054687499999998 0.005255078125000001
2.134375 0.02232421875 0.326171875 2.2371093749999997 0.164296875 0.000586328125
2.534375 0.02982421875 0.276171875 1.887109375 0.254296875 0.013036328125
2.734375 0.01857421875 0.301171875 2.062109375 0.299296875 0.019261328125
2.334375 0.02607421875 0.251171875 1.712109375 0.209296875 0.006811328125000001
2.234375 0.016699218749999998 0.288671875 1.6246093750000001 0.18679687499999997 0.0036988281250000003
2.634375 0.02419921875 0.33867187499999996 1.974609375 0.276796875 0.016148828125
2.4343749999999997 0.020449218749999998 0.263671875 1.799609375 0.23179687499999999 0.022373828125000002
2.034375 0.027949218749999998 0.313671875 2.149609375 0.141796875 0.009923828125
2.046875 0.01599609375 0.349609375 2.116796875 0.257109375 0.0064222656250000005
2.446875 0.02349609375 0.299609375 1.766796875 0.167109375 0.018872265625000002
2.6468749999999996 0.01974609375 0.324609375 2.2917968749999997 0.12210937499999999 0.012647265625000001
2.246875 0.02724609375 0.274609375 1.941796875 0.212109375 0.000197265625
2.346875 0.02162109375 0.287109375 1.854296875 0.234609375 0.009534765625
2.7468749999999997 0.02912109375 0.337109375 2.204296875 0.14460937499999998 0.021984765625
2.546875 0.01787109375 0.262109375 1.6792968750000001 0.189609375 0.015759765625
2.146875 0.025371093749999997 0.31210937499999997 2.029296875 0.279609375 0.003309765625
2.196875 0.018808593749999998 0.255859375 2.1605468749999996 0.178359375 0.001753515625
2.596875 0.026308593749999998 0.305859375 1.810546875 0.26835937499999996 0.014203515625000001
2.796875 0.01505859375 0.280859375 1.9855468749999998 0.22335937499999997 0.020428515625
2.396875 0.022558593749999998 0.33085937499999996 1.6355468750000002 0.133359375 0.007978515625
2.296875 0.01693359375 0.318359375 1.723046875 0.155859375 0.004866015625000001
2.696875 0.02443359375 0.268359375 2.0730468749999997 0.245859375 0.017316015625
2.4968749999999997 0.02068359375 0.34335937499999997 1.898046875 0.290859375 0.023541015625
2.096875 0.02818359375 0.293359375 2.248046875 0.200859375 0.011091015625
2.071875 0.02115234375 0.302734375 1.657421875 0.21773437499999998 0.018094140625
2.471875 0.028652343749999996 0.252734375 2.007421875 0.12773437499999998 0.005644140625
2.671875 0.01740234375 0.32773437499999997 1.832421875 0.172734375 0.011869140625
2.271875 0.02490234375 0.277734375 2.1824218749999997 0.26273437499999996 0.024319140625000003
2.3718749999999997 0.015527343749999999 0.265234375 2.2699218749999996 0.285234375 0.014981640625
2.7718749999999996 0.02302734375 0.31523437499999996 1.919921875 0.195234375 0.002531640625
2.571875 0.01927734375 0.290234375 2.094921875 0.150234375 0.008756640625
2.171875 0.026777343749999998 0.340234375 1.744921875 0.240234375 0.021206640625000002
2.121875 0.01833984375 0.29648437499999997 1.876171875 0.138984375 0.022762890625
2.5218749999999996 0.02583984375 0.34648437499999996 2.226171875 0.228984375 0.010312890625
2.721875 0.022089843749999998 0.271484375 1.701171875 0.273984375 0.004087890625000001
2.321875 0.029589843749999997 0.321484375 2.051171875 0.18398437499999998 0.016537890625
2.221875 0.02021484375 0.333984375 1.963671875 0.206484375 0.019650390625
2.6218749999999997 0.02771484375 0.283984375 1.613671875 0.296484375 0.007200390625000001
2.421875 0.01646484375 0.308984375 2.138671875 0.251484375 0.0009753906250000001
2.021875 0.02396484375 0.258984375 1.788671875 0.16148437499999999 0.013425390625
2.015625 0.017988281249999998 0.309765625 2.231640625 0.165703125 0.021790234375000002
2.415625 0.02548828125 0.259765625 1.881640625 0.25570312500000003 0.009340234375000001
2.6156249999999996 0.021738281249999998 0.33476562499999996 2.056640625 0.210703125 0.003115234375
2.215625 0.029238281249999998 0.284765625 1.7066406250000001 0.120703125 0.015565234375
2.315625 0.01986328125 0.272265625 1.619140625 0.143203125 0.024902734375000003
2.7156249999999997 0.02736328125 0.322265625 1.9691406249999999 0.233203125 0.012452734375
2.515625 0.01611328125 0.297265625 1.794140625 0.278203125 0.006227734375000001
2.115625 0.02361328125 0.34726562499999997 2.144140625 0.188203125 0.018677734375
2.165625 0.020800781249999997 0.291015625 2.012890625 0.266953125 0.014008984375
2.565625 0.028300781249999997 0.341015625 1.6628906250000002 0.176953125 0.0015589843750000003
2.765625 0.01705078125 0.266015625 2.1878906249999996 0.131953125 0.0077839843750000005
2.365625 0.02455078125 0.31601562499999997 1.837890625 0.22195312499999997 0.020233984375
2.265625 0.01517578125 0.328515625 1.925390625 0.244453125 0.017121484375
2.665625 0.02267578125 0.278515625 2.275390625 0.154453125 0.004671484375000001
2.4656249999999997 0.01892578125 0.303515625 1.750390625 0.199453125 0.010896484375
2.065625 0.02642578125 0.253515625 2.1003906249999997 0.289453125 0.023346484375
2.090625 0.01939453125 0.337890625 1.816015625 0.12632812499999999 0.003893359375
2.4906249999999996 0.02689453125 0.287890625 2.166015625 0.21632812499999998 0.016343359375
2.690625 0.01564453125 0.312890625 1.641015625 0.261328125 0.022568359375000003
2.290625 0.02314453125 0.262890625 1.991015625 0.171328125 0.010118359375
2.390625 0.017519531249999998 0.275390625 2.078515625 0.193828125 0.0007808593750000001
2.790625 0.025019531249999998 0.325390625 1.728515625 0.283828125 0.013230859375
2.5906249999999997 0.02126953125 0.250390625 2.253515625 0.238828125 0.019455859375000002
2.190625 0.02876953125 0.30039062499999997 1.903515625 0.148828125 0.007005859375000001
2.140625 0.01658203125 0.256640625 1.772265625 0.227578125 0.011674609375
2.540625 0.024082031249999997 0.306640625 2.122265625 0.137578125 0.024124609375
2.7406249999999996 0.02033203125 0.281640625 1.947265625 0.18257812499999998 0.017899609375
2.3406249999999997 0.02783203125 0.33164062499999997 2.2972656249999996 0.272578125 0.005449609375000001
2.240625 0.02220703125 0.31914062499999996 2.2097656249999997 0.29507812499999997 0.008562109375
2.640625 0.029707031249999998 0.269140625 1.859765625 0.205078125 0.021012109375
2.440625 0.01845703125 0.344140625 2.034765625 0.160078125 0.014787109375000001
2.040625 0.02595703125 0.294140625 1.684765625 0.250078125 0.002337109375
2.028125 0.02197265625 0.267578125 1.892578125 0.191015625 0.005060546875
2.428125 0.02947265625 0.317578125 2.2425781249999996 0.281015625 0.017510546875
2.628125 0.01822265625 0.29257812499999997 1.717578125 0.236015625 0.023735546875000003
2.228125 0.02572265625 0.34257812499999996 2.067578125 0.14601562499999998 0.011285546875
2.328125 0.01634765625 0.305078125 1.980078125 0.12351562499999999 0.0019480468750000001
2.728125 0.02384765625 0.255078125 1.630078125 0.213515625 0.014398046875
2.5281249999999997 0.02009765625 0.330078125 2.1550781249999997 0.258515625 0.020623046875000002
2.128125 0.027597656249999998 0.280078125 1.805078125 0.168515625 0.008173046875
2.178125 0.01728515625 0.336328125 1.673828125 0.292265625 0.009729296875
2.578125 0.02478515625 0.286328125 2.023828125 0.202265625 0.022179296875
2.7781249999999997 0.02103515625 0.31132812499999996 1.848828125 0.157265625 0.015954296875
2.378125 0.02853515625 0.261328125 2.198828125 0.247265625 0.003504296875
2.278125 0.019160156249999998 0.298828125 2.286328125 0.224765625 0.006616796875000001
2.6781249999999996 0.026660156249999997 0.348828125 1.936328125 0.134765625 0.019066796875
2.478125 0.01541015625 0.273828125 2.111328125 0.17976562499999998 0.012841796875
2.078125 0.02291015625 0.32382812499999997 1.761328125 0.269765625 0.000391796875
2.053125 0.015878906249999998 0.283203125 2.1332031249999996 0.151640625 0.019844921875
2.453125 0.023378906249999998 0.333203125 1.783203125 0.241640625 0.007394921875000001
2.6531249999999997 0.01962890625 0.258203125 1.9582031249999998 0.286640625 0.0011699218750000002
2.253125 0.02712890625 0.30820312499999997 1.6082031250000002 0.196640625 0.013619921875
2.353125 0.02150390625 0.345703125 1.695703125 0.174140625 0.022957421875
2.753125 0.02900390625 0.295703125 2.0457031249999997 0.264140625 0.010507421875
2.5531249999999996 0.01775390625 0.320703125 1.870703125 0.21914062499999998 0.004282421875
2.153125 0.02525390625 0.270703125 2.220703125 0.129140625 0.016732421875
2.103125 0.02056640625 0.314453125 2.089453125 0.252890625 0.015176171875
2.503125 0.02806640625 0.264453125 1.739453125 0.162890625 0.002726171875
2.703125 0.01681640625 0.33945312499999997 2.2644531249999997 0.207890625 0.008951171875
2.303125 0.02431640625 0.289453125 1.914453125 0.29789062499999996 0.021401171875
2.203125 0.01869140625 0.251953125 1.826953125 0.275390625 0.018288671875000002
2.603125 0.02619140625 0.301953125 2.176953125 0.18539062499999998 0.0058386718750000005
2.4031249999999997 0.02244140625 0.276953125 1.6519531250000001 0.140390625 0.012063671875000001
2.003125 0.029941406249999997 0.32695312499999996 2.001953125 0.230390625 0.024513671875
2.0046875 0.022470703124999998 0.3177734375 1.8064453125 0.2602734375 0.0027748046875
2.4046875 0.029970703124999998 0.2677734375 2.1564453125 0.17027343749999999 0.015224804687500001
2.6046875 0.018720703124999998 0.3427734375 1.6314453125000001 0.1252734375 0.0214498046875
2.2046875 0.026220703125 0.2927734375 1.9814453125 0.2152734375 0.0089998046875
2.3046875 0.016845703125 0.2552734375 2.0689453125 0.2377734375 0.005887304687500001
2.7046875 0.024345703125 0.30527343749999997 1.7189453125 0.1477734375 0.0183373046875
2.5046874999999997 0.020595703125 0.2802734375 2.2439453124999997 0.19277343749999998 0.0245623046875
2.1046875 0.028095703125 0.3302734375 1.8939453125 0.2827734375 0.0121123046875
2.1546875 0.017783203125 0.2865234375 1.7626953125 0.1815234375 0.007443554687500001
2.5546875 0.025283203125 0.33652343749999997 2.1126953124999996 0.27152343749999996 0.019893554687500002
2.7546874999999997 0.021533203124999997 0.2615234375 1.9376953124999998 0.22652343749999998 0.0136685546875
2.3546875 0.029033203124999997 0.3115234375 2.2876953125 0.13652343749999998 0.0012185546875000002
2.2546875 0.019658203125 0.3490234375 2.2001953125 0.1590234375 0.0105560546875
2.6546874999999996 0.027158203125 0.2990234375 1.8501953125 0.2490234375 0.023006054687500003
2.4546875 0.015908203125 0.32402343749999996 2.0251953124999997 0.2940234375 0.0167810546875
2.0546875 0.023408203125 0.2740234375 1.6751953125 0.2040234375 0.0043310546875000005
2.0796875 0.015439453124999999 0.3333984375 2.2220703124999996 0.2208984375 0.022227929687500002
2.4796875 0.022939453125 0.2833984375 1.8720703125 0.1308984375 0.0097779296875
2.6796875 0.019189453125 0.3083984375 2.0470703125 0.1758984375 0.0035529296875000003
2.2796875 0.026689453125 0.2583984375 1.6970703125 0.2658984375 0.0160029296875
2.3796874999999997 0.021064453125 0.2958984375 1.6095703125 0.2883984375 0.0191154296875
2.7796874999999996 0.028564453125 0.3458984375 1.9595703125 0.1983984375 0.006665429687500001
2.5796875 0.017314453125 0.2708984375 1.7845703125 0.15339843749999998 0.0004404296875
2.1796875 0.024814453124999997 0.32089843749999997 2.1345703124999997 0.2433984375 0.0128904296875
2.1296875 0.020126953125 0.2646484375 2.0033203125 0.1421484375 0.017559179687500003
2.5296874999999996 0.027626953125 0.3146484375 1.6533203125 0.23214843749999997 0.005109179687500001
2.7296875 0.016376953125 0.2896484375 2.1783203125 0.27714843749999996 0.011334179687500001
2.3296875 0.023876953125 0.33964843749999996 1.8283203125 0.1871484375 0.0237841796875
2.2296875 0.018251953124999998 0.3021484375 1.9158203125 0.2096484375 0.0144466796875
2.6296874999999997 0.025751953124999998 0.2521484375 2.2658203125 0.2996484375 0.0019966796875
2.4296875 0.022001953125 0.3271484375 1.7408203125 0.2546484375 0.0082216796875
2.0296875 0.029501953125 0.2771484375 2.0908203125 0.1646484375 0.0206716796875
2.0421875 0.018486328125 0.2599609375 2.1455078125 0.27996093749999995 0.024173242187500003
2.4421874999999997 0.025986328125 0.3099609375 1.7955078125 0.18996093749999998 0.0117232421875
2.6421875 0.022236328125 0.2849609375 1.9705078125 0.1449609375 0.0054982421875
2.2421875 0.029736328125 0.3349609375 1.6205078125 0.2349609375 0.0179482421875
2.3421875 0.020361328125 0.3224609375 1.7080078125 0.2124609375 0.021060742187500002
2.7421875 0.027861328125 0.2724609375 2.0580078125 0.12246093749999999 0.0086107421875
2.5421875 0.016611328124999998 0.34746093749999996 1.8830078125 0.1674609375 0.0023857421875
2.1421875 0.024111328124999998 0.29746093749999997 2.2330078125 0.2574609375 0.0148357421875
2.1921875 0.021298828125 0.3412109375 2.1017578125 0.2012109375 0.0163919921875
2.5921874999999996 0.028798828125 0.2912109375 1.7517578125 0.2912109375 0.0039419921875
2.7921875 0.017548828125 0.31621093749999996 2.2767578124999996 0.2462109375 0.0101669921875
2.3921875 0.025048828125 0.2662109375 1.9267578125 0.15621093749999998 0.0226169921875
2.2921875 0.015673828125 0.2787109375 1.8392578125 0.1337109375 0.0132794921875
2.6921874999999997 0.023173828124999997 0.32871093749999997 2.1892578124999997 0.22371093749999998 0.0008294921875000002
2.4921875 0.019423828125 0.2537109375 1.6642578125 0.26871093749999997 0.007054492187500001
2.0921875 0.026923828125 0.3037109375 2.0142578125 0.1787109375 0.0195044921875
2.0671875 0.018955078125 0.2880859375 1.9048828125 0.24058593749999999 0.0016076171875
2.4671875 0.026455078125 0.3380859375 2.2548828125 0.1505859375 0.014057617187500001
2.6671875 0.015205078125 0.2630859375 1.7298828125 0.19558593749999997 0.0202826171875
2.2671875 0.022705078125 0.31308593749999997 2.0798828124999997 0.2855859375 0.0078326171875
2.3671875 0.017080078125 0.3255859375 1.9923828124999998 0.2630859375 0.004720117187500001
2.7671875 0.024580078125 0.2755859375 1.6423828125000002 0.1730859375 0.0171701171875
2.5671874999999997 0.020830078125 0.3005859375 2.1673828124999996 0.1280859375 0.0233951171875
2.1671875 0.028330078124999998 0.2505859375 1.8173828125 0.2180859375 0.0109451171875
2.1171875 0.016142578125 0.3068359375 1.6861328125000001 0.1618359375 0.0093888671875
2.5171875 0.023642578125 0.2568359375 2.0361328125 0.2518359375 0.0218388671875
2.7171874999999996 0.019892578124999998 0.33183593749999996 1.8611328125 0.2968359375 0.0156138671875
2.3171875 0.027392578124999997 0.2818359375 2.2111328125 0.2068359375 0.0031638671875000002
2.2171875 0.021767578125 0.2693359375 2.2986328124999997 0.1843359375 0.012501367187500001
2.6171875 0.029267578125 0.3193359375 1.9486328125 0.27433593749999996 0.0249513671875
2.4171875 0.018017578125 0.2943359375 2.1236328125 0.22933593749999998 0.018726367187500002
2.0171875 0.025517578125 0.34433593749999997 1.7736328125 0.1393359375 0.0062763671875000005
2.0234375 0.016494140625 0.2998046875 2.0306640625 0.18855468749999998 0.0103615234375
2.4234375 0.023994140625 0.3498046875 1.6806640625 0.2785546875 0.0228115234375
2.6234374999999996 0.020244140625 0.2748046875 2.2056640625 0.2335546875 0.0165865234375
2.2234375 0.027744140624999997 0.32480468749999997 1.8556640625 0.1435546875 0.0041365234375
2.3234375 0.022119140625 0.3373046875 1.9431640625 0.1210546875 0.007249023437500001
2.7234374999999997 0.029619140625 0.2873046875 2.2931640625 0.2110546875 0.0196990234375
2.5234375 0.018369140625 0.31230468749999996 1.7681640625 0.2560546875 0.0134740234375
2.1234375 0.025869140625 0.2623046875 2.1181640625 0.1660546875 0.0010240234375
2.1734375 0.019306640625 0.3060546875 2.2494140624999996 0.2898046875 0.005692773437500001
2.5734375 0.026806640625 0.2560546875 1.8994140625 0.1998046875 0.018142773437500002
2.7734375 0.015556640625 0.3310546875 2.0744140625 0.15480468749999998 0.0243677734375
2.3734375 0.023056640625 0.2810546875 1.7244140625 0.2448046875 0.011917773437500001
2.2734375 0.017431640624999998 0.2685546875 1.6369140625 0.2223046875 0.0025802734375
2.6734375 0.024931640625 0.3185546875 1.9869140625 0.1323046875 0.0150302734375
2.4734374999999997 0.021181640624999998 0.29355468749999997 1.8119140625 0.1773046875 0.0212552734375
2.0734375 0.028681640624999998 0.34355468749999996 2.1619140624999997 0.2673046875 0.0088052734375
2.0984375 0.020712890625 0.2529296875 1.7462890625 0.1491796875 0.0142521484375
2.4984374999999996 0.028212890625 0.3029296875 2.0962890625 0.2391796875 0.0018021484375000001
2.6984375 0.016962890624999998 0.2779296875 1.9212890625 0.2841796875 0.0080271484375
2.2984375 0.024462890624999997 0.32792968749999996 2.2712890624999997 0.19417968749999998 0.020477148437500002
2.3984375 0.015087890625 0.3154296875 2.1837890625 0.17167968749999998 0.0173646484375
2.7984375 0.022587890625 0.2654296875 1.8337890625 0.2616796875 0.0049146484375
2.5984374999999997 0.018837890625 0.34042968749999997 2.0087890625 0.2166796875 0.0111396484375
2.1984375 0.026337890625 0.2904296875 1.6587890625000001 0.1266796875 0.023589648437500003
2.1484375 0.017900390625 0.3466796875 1.7900390625 0.2504296875 0.0189208984375
2.5484375 0.025400390624999998 0.2966796875 2.1400390624999996 0.1604296875 0.006470898437500001
2.7484374999999996 0.021650390624999998 0.3216796875 1.6150390625000002 0.20542968749999999 0.0002458984375
2.3484374999999997 0.029150390625 0.2716796875 1.9650390624999998 0.2954296875 0.0126958984375
2.2484375 0.019775390625 0.2841796875 2.0525390624999997 0.2729296875 0.0220333984375
2.6484375 0.027275390625 0.3341796875 1.7025390625 0.1829296875 0.0095833984375
2.4484375 0.016025390625 0.2591796875 2.2275390625 0.1379296875 0.0033583984375
2.0484375 0.023525390625 0.30917968749999997 1.8775390625 0.22792968749999998 0.0158083984375
2.0359375 0.020478515625 0.3294921875 1.6478515625 0.1688671875 0.013084960937500001
2.4359375 0.027978515625 0.2794921875 1.9978515625 0.2588671875 0.0006349609375000001
2.6359375 0.016728515625 0.3044921875 1.8228515625 0.2138671875 0.0068599609375
2.2359375 0.024228515625 0.2544921875 2.1728515625 0.12386718749999999 0.019309960937500002
2.3359375 0.018603515625 0.2919921875 2.2603515625 0.1463671875 0.0161974609375
2.7359375 0.026103515624999997 0.3419921875 1.9103515625 0.2363671875 0.0037474609375
2.5359374999999997 0.022353515625 0.2669921875 2.0853515625 0.2813671875 0.0099724609375
2.1359375 0.029853515625 0.31699218749999997 1.7353515625 0.19136718749999998 0.0224224609375
2.1859375 0.015791015624999998 0.2732421875 1.8666015625 0.2701171875 0.0208662109375
2.5859375 0.023291015625 0.3232421875 2.2166015624999997 0.1801171875 0.0084162109375
2.7859374999999997 0.019541015624999998 0.2982421875 1.6916015625 0.13511718749999999 0.0021912109375
2.3859375 0.027041015624999998 0.34824218749999997 2.0416015625 0.22511718749999998 0.014641210937500001
2.2859375 0.021416015625 0.3107421875 1.9541015625 0.2476171875 0.0239787109375
2.6859374999999996 0.028916015625 0.2607421875 1.6041015625000001 0.15761718749999998 0.0115287109375
2.4859375 0.017666015625 0.33574218749999996 2.1291015625 0.2026171875 0.005303710937500001
2.0859375 0.025166015625 0.2857421875 1.7791015625 0.2926171875 0.0177537109375
2.0609375 0.017197265625 0.32011718749999996 2.1072265624999997 0.1294921875 0.0123068359375
2.4609375 0.024697265625 0.2701171875 1.7572265625 0.2194921875 0.024756835937500003
2.6609374999999997 0.020947265625 0.3451171875 2.2822265625 0.26449218750000003 0.0185318359375
2.2609375 0.028447265625 0.2951171875 1.9322265625 0.1744921875 0.006081835937500001
2.3609375 0.019072265625 0.2576171875 1.8447265625 0.1969921875 0.009194335937500001
2.7609375 0.026572265625 0.3076171875 2.1947265624999996 0.2869921875 0.021644335937500002
2.5609374999999996 0.015322265625 0.2826171875 1.6697265625000002 0.2419921875 0.0154193359375
2.1609375 0.022822265624999998 0.33261718749999997 2.0197265625 0.1519921875 0.0029693359375
2.1109375 0.021884765625 0.2763671875 2.1509765625 0.23074218749999997 0.004525585937500001
2.5109375 0.029384765624999996 0.3263671875 1.8009765625 0.1407421875 0.0169755859375
2.7109375 0.018134765625 0.2513671875 1.9759765624999999 0.1857421875 0.0232005859375
2.3109375 0.025634765625 0.30136718749999997 1.6259765625 0.2757421875 0.0107505859375
2.2109375 0.016259765625 0.3388671875 1.7134765625000001 0.2982421875 0.0014130859375
2.6109375 0.023759765625 0.2888671875 2.0634765625 0.2082421875 0.0138630859375
2.4109374999999997 0.020009765625 0.3138671875 1.8884765625 0.1632421875 0.0200880859375
2.0109375 0.027509765624999998 0.2638671875 2.2384765625 0.2532421875 0.0076380859375000006
2.0078125 0.017490234375 0.3400390625 1.9349609375 0.1428515625 0.017850976562500002
2.4078125 0.024990234375 0.2900390625 2.2849609374999997 0.2328515625 0.005400976562500001
2.6078124999999996 0.021240234375 0.31503906249999997 1.7599609375 0.2778515625 0.011625976562500001
2.2078125 0.028740234375 0.2650390625 2.1099609375 0.1878515625 0.0240759765625
2.3078125 0.019365234375 0.2775390625 2.0224609375 0.1653515625 0.0147384765625
2.7078124999999997 0.026865234374999998 0.3275390625 1.6724609375000001 0.2553515625 0.0022884765625
2.5078125 0.015615234375 0.2525390625 2.1974609375 0.21035156249999998 0.0085134765625
2.1078125 0.023115234375 0.3025390625 1.8474609375 0.1203515625 0.0209634765625
2.1578125 0.022177734375 0.2587890625 1.6287109375000002 0.24410156249999998 0.022519726562500002
2.5578125 0.029677734375 0.3087890625 1.9787109374999998 0.1541015625 0.0100697265625
2.7578125 0.018427734374999998 0.2837890625 1.8037109375 0.1991015625 0.0038447265625000003
2.3578125 0.025927734374999997 0.33378906249999996 2.1537109374999996 0.28910156249999996 0.0162947265625
2.2578125 0.016552734375 0.3212890625 2.2412109375 0.2666015625 0.0194072265625
2.6578125 0.024052734375 0.2712890625 1.8912109375 0.1766015625 0.006957226562500001
2.4578124999999997 0.020302734375 0.34628906249999997 2.0662109374999997 0.1316015625 0.0007322265625000001
2.0578125 0.027802734375 0.2962890625 1.7162109375 0.2216015625 0.0131822265625
2.0828125 0.019833984375 0.3119140625 2.1755859374999997 0.1934765625 0.007735351562500001
2.4828124999999996 0.027333984375 0.2619140625 1.8255859375 0.2834765625 0.020185351562500002
2.6828125 0.016083984375 0.3369140625 2.0005859375 0.2384765625 0.0139603515625
2.2828125 0.023583984375 0.2869140625 1.6505859375 0.1484765625 0.0015103515625000002
2.3828125 0.017958984375 0.2744140625 1.7380859375 0.1259765625 0.0108478515625
2.7828125 0.025458984375 0.3244140625 2.0880859375 0.2159765625 0.023297851562500003
2.5828124999999997 0.021708984375 0.29941406249999997 1.9130859375 0.2609765625 0.0170728515625
2.1828125 0.029208984374999997 0.34941406249999996 2.2630859374999996 0.17097656249999998 0.0046228515625000004
2.1328125 0.015146484375 0.2931640625 2.0443359375 0.29472656249999996 0.0030666015625
2.5328125 0.022646484374999998 0.3431640625 1.6943359375 0.2047265625 0.015516601562500001
2.7328124999999996 0.018896484374999998 0.2681640625 2.2193359375 0.1597265625 0.0217416015625
2.3328124999999997 0.026396484375 0.31816406249999996 1.8693359375 0.2497265625 0.0092916015625
2.2328125 0.020771484375 0.33066406249999997 1.7818359375 0.2272265625 0.006179101562500001
2.6328125 0.028271484375 0.2806640625 2.1318359375 0.13722656249999998 0.0186291015625
2.4328125 0.017021484375 0.3056640625 1.6068359375 0.1822265625 0.0248541015625
2.0328125 0.024521484375 0.2556640625 1.9568359375 0.2722265625 0.0124041015625
2.0453125 0.021474609375 0.2822265625 2.2740234375 0.12316406249999999 0.008902539062500001
2.4453125 0.028974609374999998 0.3322265625 1.9240234375 0.21316406249999997 0.021352539062500002
2.6453124999999997 0.017724609375 0.2572265625 2.0990234375 0.2581640625 0.0151275390625
2.2453125 0.025224609375 0.30722656249999997 1.7490234375 0.1681640625 0.0026775390625
2.3453125 0.015849609375 0.3447265625 1.6615234375 0.1906640625 0.0120150390625
2.7453125 0.023349609374999997 0.2947265625 2.0115234375 0.2806640625 0.024465039062500003
2.5453124999999996 0.019599609375 0.3197265625 1.8365234375 0.2356640625 0.0182400390625
2.1453125 0.027099609375 0.2697265625 2.1865234375 0.1456640625 0.005790039062500001
2.1953125 0.018662109375 0.3134765625 1.9677734375 0.2244140625 0.0011212890625
2.5953125 0.026162109375 0.2634765625 1.6177734375000001 0.1344140625 0.0135712890625
2.7953124999999996 0.022412109375 0.33847656249999997 2.1427734375 0.1794140625 0.0197962890625
2.3953124999999997 0.029912109375 0.2884765625 1.7927734375 0.2694140625 0.007346289062500001
2.2953125 0.020537109375 0.2509765625 1.8802734375 0.29191406249999996 0.004233789062500001
2.6953125 0.028037109375 0.3009765625 2.2302734374999997 0.2019140625 0.0166837890625
2.4953125 0.016787109374999998 0.2759765625 1.7052734375 0.1569140625 0.0229087890625
2.0953125 0.024287109374999998 0.32597656249999996 2.0552734375 0.2469140625 0.0104587890625
2.0703125 0.016318359375 0.2666015625 1.8583984375 0.17378906249999998 0.0159056640625
2.4703125 0.023818359375 0.3166015625 2.2083984374999996 0.2637890625 0.0034556640625
2.6703124999999996 0.020068359374999997 0.29160156249999997 1.6833984375 0.2187890625 0.0096806640625
2.2703125 0.027568359374999997 0.34160156249999996 2.0333984375 0.1287890625 0.0221306640625
2.3703125 0.021943359375 0.3041015625 2.1208984374999997 0.1512890625 0.012793164062500001
2.7703124999999997 0.029443359375 0.2541015625 1.7708984375 0.24128906249999998 0.00034316406250000004
2.5703125 0.018193359375 0.3291015625 2.2958984375 0.28628906249999997 0.0065681640625000004
2.1703125 0.025693359375 0.2791015625 1.9458984375 0.1962890625 0.019018164062500002
2.1203125 0.019130859375 0.3353515625 1.7271484375000001 0.2750390625 0.0236869140625
2.5203124999999997 0.026630859375 0.2853515625 2.0771484375 0.1850390625 0.0112369140625
2.7203125 0.015380859375 0.31035156249999996 1.9021484375 0.1400390625 0.005011914062500001
2.3203125 0.022880859375 0.2603515625 2.2521484375 0.2300390625 0.0174619140625
2.2203125 0.017255859374999998 0.2978515625 2.1646484375 0.2525390625 0.0205744140625
2.6203125 0.024755859375 0.3478515625 1.8146484375 0.1625390625 0.0081244140625
2.4203125 0.021005859374999998 0.2728515625 1.9896484374999999 0.20753906249999998 0.0018994140625000003
2.0203125 0.028505859374999998 0.32285156249999997 1.6396484375 0.29753906249999995 0.014349414062500001
2.0140625 0.019482421875 0.2705078125 2.0716796875 0.2145703125 0.0192126953125
2.4140625 0.026982421875 0.3205078125 1.7216796875 0.1245703125 0.006762695312500001
2.6140624999999997 0.015732421875 0.29550781249999997 2.2466796875 0.1695703125 0.0005376953125000001
2.2140625 0.023232421875 0.34550781249999996 1.8966796875 0.25957031249999996 0.0129876953125
2.3140625 0.017607421875 0.3080078125 1.8091796875 0.28207031250000003 0.0223251953125
2.7140625 0.025107421875 0.2580078125 2.1591796875 0.1920703125 0.0098751953125
2.5140624999999996 0.021357421874999998 0.3330078125 1.6341796875 0.1470703125 0.0036501953125
2.1140625 0.028857421874999997 0.2830078125 1.9841796875 0.2370703125 0.0161001953125
2.1640625 0.016669921875 0.32675781249999997 2.2029296874999997 0.13582031249999998 0.0145439453125
2.5640625 0.024169921875 0.2767578125 1.8529296875 0.2258203125 0.0020939453125
2.7640624999999996 0.020419921875 0.3017578125 2.0279296875 0.2708203125 0.0083189453125
2.3640624999999997 0.027919921874999996 0.2517578125 1.6779296875 0.1808203125 0.020768945312500002
2.2640625 0.022294921875 0.2892578125 1.7654296875 0.2033203125 0.0176564453125
2.6640625 0.029794921874999998 0.3392578125 2.1154296875 0.2933203125 0.0052064453125
2.4640625 0.018544921875 0.2642578125 1.9404296875 0.2483203125 0.0114314453125
2.0640625 0.026044921874999998 0.31425781249999996 2.2904296874999996 0.1583203125 0.023881445312500003
2.0890625 0.018076171874999998 0.2798828125 1.6123046875 0.2651953125 0.0059845703125000005
2.4890624999999997 0.025576171874999998 0.32988281249999996 1.9623046875 0.17519531249999998 0.018434570312500002
2.6890625 0.021826171874999998 0.2548828125 1.7873046875 0.1301953125 0.0246595703125
2.2890625 0.029326171875 0.3048828125 2.1373046875 0.2201953125 0.012209570312500001
2.3890625 0.019951171875 0.34238281249999997 2.2248046875 0.24269531249999998 0.0028720703125
2.7890625 0.027451171875 0.2923828125 1.8748046875 0.15269531249999999 0.0153220703125
2.5890625 0.016201171875 0.3173828125 2.0498046875 0.1976953125 0.0215470703125
2.1890625 0.023701171875 0.2673828125 1.6998046875000001 0.2876953125 0.0090970703125
2.1390625 0.020888671875 0.3236328125 1.9185546875 0.1864453125 0.0106533203125
2.5390625 0.028388671875 0.2736328125 2.2685546875 0.2764453125 0.0231033203125
2.7390624999999997 0.017138671875 0.3486328125 1.7435546875 0.2314453125 0.0168783203125
2.3390625 0.024638671874999997 0.2986328125 2.0935546874999997 0.1414453125 0.0044283203125
2.2390625 0.015263671874999999 0.2611328125 2.0060546875 0.1639453125 0.007540820312500001
2.6390624999999996 0.022763671875 0.31113281249999997 1.6560546875000002 0.25394531249999996 0.0199908203125
2.4390625 0.019013671875 0.2861328125 2.1810546874999996 0.2989453125 0.0137658203125
2.0390625 0.026513671875 0.3361328125 1.8310546875 0.20894531249999998 0.0013158203125000001
2.0265625 0.015498046875 0.3001953125 1.6888671875 0.2342578125 0.0040392578125000005
2.4265624999999997 0.022998046874999997 0.2501953125 2.0388671874999997 0.1442578125 0.0164892578125
2.6265625 0.019248046875 0.3251953125 1.8638671875 0.1892578125 0.022714257812500003
2.2265625 0.026748046875 0.2751953125 2.2138671875 0.2792578125 0.0102642578125
2.3265625 0.021123046875 0.2626953125 2.1263671874999996 0.25675781249999996 0.0009267578125000001
2.7265625 0.028623046875 0.3126953125 1.7763671875 0.1667578125 0.0133767578125
2.5265625 0.017373046875 0.2876953125 1.9513671874999998 0.12175781249999999 0.019601757812500002
2.1265625 0.024873046875 0.33769531249999996 1.6013671875000002 0.21175781249999998 0.007151757812500001
2.1765625 0.020185546874999998 0.2939453125 1.8201171875 0.1555078125 0.0118205078125
2.5765624999999996 0.027685546875 0.3439453125 2.1701171875 0.24550781249999998 0.0242705078125
2.7765625 0.016435546875 0.2689453125 1.6451171875000001 0.2905078125 0.0180455078125
2.3765625 0.023935546874999998 0.31894531249999997 1.9951171875 0.2005078125 0.005595507812500001
2.2765625 0.018310546875 0.3314453125 2.0826171875 0.1780078125 0.0087080078125
2.6765624999999997 0.025810546875 0.2814453125 1.7326171875 0.2680078125 0.0211580078125
2.4765625 0.022060546875 0.3064453125 2.2576171874999997 0.22300781249999999 0.014933007812500001
2.0765625 0.029560546875 0.2564453125 1.9076171875 0.1330078125 0.0024830078125
2.0515625 0.021591796875 0.3470703125 1.9732421875 0.2848828125 0.0203798828125
2.4515625 0.029091796875 0.2970703125 1.6232421875 0.1948828125 0.0079298828125
2.6515625 0.017841796875 0.32207031249999996 2.1482421874999997 0.1498828125 0.0017048828125000002
2.2515625 0.025341796875 0.2720703125 1.7982421875 0.2398828125 0.0141548828125
2.3515625 0.015966796874999998 0.2845703125 1.8857421875 0.2173828125 0.0234923828125
2.7515625 0.023466796875 0.33457031249999997 2.2357421874999996 0.1273828125 0.0110423828125
2.5515624999999997 0.019716796874999998 0.2595703125 1.7107421875 0.17238281249999998 0.004817382812500001
2.1515625 0.027216796874999998 0.3095703125 2.0607421875 0.26238281249999995 0.0172673828125
2.1015625 0.016904296875 0.2533203125 2.2794921875 0.20613281249999998 0.0125986328125
2.5015625 0.024404296875 0.30332031249999997 1.9294921875 0.2961328125 0.0001486328125
2.7015624999999996 0.020654296875 0.2783203125 2.1044921875 0.25113281249999997 0.006373632812500001
2.3015625 0.028154296875 0.3283203125 1.7544921875 0.1611328125 0.0188236328125
2.2015625 0.018779296875 0.3158203125 1.6669921875 0.13863281249999998 0.0157111328125
2.6015625 0.026279296874999997 0.2658203125 2.0169921875 0.2286328125 0.0032611328125
2.4015625 0.015029296874999999 0.3408203125 1.8419921875 0.2736328125 0.0094861328125
2.0015625 0.022529296875 0.2908203125 2.1919921875 0.1836328125 0.021936132812500002
2.00234375 0.0187646484375 0.34541015625 2.2938476562499996 0.20244140625 0.01417919921875
2.40234375 0.0262646484375 0.29541015625 1.94384765625 0.29244140625 0.0017291992187500002
2.6023437499999997 0.0150146484375 0.32041015624999997 2.11884765625 0.24744140625 0.00795419921875
2.20234375 0.0225146484375 0.27041015625 1.76884765625 0.15744140625 0.020404199218750002
2.30234375 0.016889648437499998 0.28291015625 1.68134765625 0.13494140625 0.01729169921875
2.70234375 0.0243896484375 0.33291015625 2.03134765625 0.22494140624999998 0.00484169921875
2.5023437499999996 0.020639648437499998 0.25791015625 1.85634765625 0.26994140624999996 0.01106669921875
2.10234375 0.028139648437499998 0.30791015625 2.2063476562499997 0.17994140625 0.023516699218750003
2.15234375 0.0159521484375 0.25166015625 1.98759765625 0.28119140625 0.01884794921875
2.55234375 0.0234521484375 0.30166015625 1.63759765625 0.19119140624999997 0.006397949218750001
2.7523437499999996 0.019702148437499997 0.27666015625 2.16259765625 0.14619140625 0.00017294921875
2.3523437499999997 0.027202148437499997 0.32666015625 1.81259765625 0.23619140624999999 0.01262294921875
2.25234375 0.0215771484375 0.31416015625 1.90009765625 0.21369140625 0.02196044921875
2.65234375 0.0290771484375 0.26416015625 2.25009765625 0.12369140625 0.00951044921875
2.45234375 0.0178271484375 0.33916015624999996 1.72509765625 0.16869140625 0.00328544921875
2.05234375 0.0253271484375 0.28916015625 2.07509765625 0.25869140625 0.01573544921875
2.07734375 0.0182958984375 0.30478515624999997 1.83447265625 0.16306640625 0.01028857421875
2.4773437499999997 0.0257958984375 0.25478515625 2.1844726562499996 0.25306640625 0.02273857421875
2.67734375 0.0220458984375 0.32978515625 1.6594726562500002 0.29806640625 0.01651357421875
2.27734375 0.0295458984375 0.27978515625 2.00947265625 0.20806640625 0.00406357421875
2.37734375 0.0201708984375 0.26728515625 2.0969726562499997 0.18556640624999998 0.007176074218750001
2.77734375 0.0276708984375 0.31728515625 1.74697265625 0.27556640624999995 0.01962607421875
2.57734375 0.016420898437499998 0.29228515625 2.27197265625 0.23056640625 0.01340107421875
2.17734375 0.023920898437499998 0.34228515625 1.92197265625 0.14056640625 0.0009510742187500001
2.12734375 0.0211083984375 0.29853515625 1.7032226562500001 0.24181640625 0.005619824218750001
2.52734375 0.028608398437499998 0.34853515625 2.05322265625 0.15181640624999998 0.018069824218750002
2.7273437499999997 0.0173583984375 0.27353515625 1.87822265625 0.19681640625 0.02429482421875
2.32734375 0.0248583984375 0.32353515624999996 2.22822265625 0.28681640625 0.011844824218750001
2.22734375 0.015483398437499999 0.33603515624999997 2.14072265625 0.26431640624999997 0.00250732421875
2.6273437499999996 0.022983398437499997 0.28603515625 1.79072265625 0.17431640625 0.01495732421875
2.42734375 0.0192333984375 0.31103515625 1.9657226562499999 0.12931640625 0.02118232421875
2.02734375 0.0267333984375 0.26103515625 1.61572265625 0.21931640624999998 0.00873232421875
2.03984375 0.0152490234375 0.27509765625 1.91103515625 0.17712890625 0.01223388671875
2.43984375 0.022749023437499998 0.32509765625 2.2610351562499997 0.26712890624999996 0.024683886718750003
2.63984375 0.0189990234375 0.25009765625 1.73603515625 0.22212890624999998 0.01845888671875
2.23984375 0.026499023437499998 0.30009765625 2.08603515625 0.13212890624999998 0.006008886718750001
2.33984375 0.0208740234375 0.33759765625 1.99853515625 0.15462890625 0.009121386718750001
2.73984375 0.0283740234375 0.28759765625 1.6485351562500001 0.24462890625 0.021571386718750002
2.5398437499999997 0.0171240234375 0.31259765624999997 2.17353515625 0.28962890625 0.01534638671875
2.13984375 0.0246240234375 0.26259765625 1.82353515625 0.19962890625 0.00289638671875
2.18984375 0.0199365234375 0.31884765625 1.6047851562500002 0.25587890625 0.004452636718750001
2.58984375 0.0274365234375 0.26884765625 1.9547851562499998 0.16587890624999999 0.01690263671875
2.7898437499999997 0.0161865234375 0.34384765624999997 1.77978515625 0.12087890625 0.02312763671875
2.38984375 0.0236865234375 0.29384765625 2.1297851562499996 0.21087890625 0.01067763671875
2.28984375 0.018061523437499998 0.25634765625 2.21728515625 0.23337890625 0.00134013671875
2.6898437499999996 0.025561523437499997 0.30634765625 1.86728515625 0.14337890625 0.01379013671875
2.48984375 0.0218115234375 0.28134765625 2.0422851562499997 0.18837890624999998 0.02001513671875
2.08984375 0.0293115234375 0.33134765624999996 1.69228515625 0.27837890625 0.007565136718750001
2.06484375 0.022280273437499998 0.27197265625 2.19541015625 0.13775390625 0.013012011718750001
2.46484375 0.029780273437499998 0.32197265625 1.84541015625 0.22775390624999997 0.00056201171875
2.6648437499999997 0.018530273437499998 0.29697265624999997 2.02041015625 0.27275390624999996 0.00678701171875
2.26484375 0.0260302734375 0.34697265624999996 1.67041015625 0.18275390625 0.019237011718750002
2.36484375 0.0166552734375 0.30947265625 1.75791015625 0.20525390625 0.01612451171875
2.76484375 0.0241552734375 0.25947265625 2.10791015625 0.29525390625 0.00367451171875
2.5648437499999996 0.0204052734375 0.33447265625 1.93291015625 0.25025390625 0.00989951171875
2.16484375 0.0279052734375 0.28447265625 2.28291015625 0.16025390625 0.02234951171875
2.11484375 0.0175927734375 0.32822265624999997 2.06416015625 0.21650390625 0.02079326171875
2.51484375 0.0250927734375 0.27822265625 1.71416015625 0.12650390625 0.00834326171875
2.71484375 0.0213427734375 0.30322265625 2.2391601562499996 0.17150390625 0.00211826171875
2.31484375 0.028842773437499997 0.25322265625 1.88916015625 0.26150390625 0.014568261718750001
2.21484375 0.0194677734375 0.29072265625 1.80166015625 0.28400390625 0.02390576171875
2.61484375 0.0269677734375 0.34072265625 2.1516601562499997 0.19400390625 0.01145576171875
2.4148437499999997 0.0157177734375 0.26572265625 1.62666015625 0.14900390624999998 0.005230761718750001
2.01484375 0.0232177734375 0.31572265624999996 1.97666015625 0.23900390625 0.01768076171875
2.02109375 0.0172412109375 0.26494140625 1.71962890625 0.26853515625 0.022154980468750002
2.42109375 0.0247412109375 0.31494140625 2.0696289062499997 0.17853515625 0.00970498046875
2.62109375 0.020991210937499998 0.28994140625 1.89462890625 0.13353515625 0.00347998046875
2.22109375 0.028491210937499997 0.33994140624999997 2.24462890625 0.22353515624999998 0.01592998046875
2.32109375 0.0191162109375 0.30244140625 2.1571289062499996 0.24603515625 0.01904248046875
2.7210937499999996 0.0266162109375 0.25244140625 1.80712890625 0.15603515625 0.006592480468750001
2.52109375 0.0153662109375 0.32744140624999996 1.9821289062499998 0.20103515625 0.00036748046875
2.12109375 0.0228662109375 0.27744140625 1.6321289062500002 0.29103515625 0.01281748046875
2.17109375 0.0219287109375 0.33369140625 1.85087890625 0.16728515625 0.01748623046875
2.5710937499999997 0.029428710937499998 0.28369140625 2.20087890625 0.25728515625 0.005036230468750001
2.77109375 0.0181787109375 0.30869140624999997 1.6758789062500001 0.21228515625 0.01126123046875
2.37109375 0.025678710937499998 0.25869140625 2.02587890625 0.12228515625 0.02371123046875
2.27109375 0.0163037109375 0.29619140625 2.11337890625 0.14478515625 0.01437373046875
2.67109375 0.0238037109375 0.34619140625 1.76337890625 0.23478515625 0.0019237304687500002
2.47109375 0.0200537109375 0.27119140625 2.2883789062499997 0.27978515625 0.00814873046875
2.07109375 0.027553710937499996 0.32119140625 1.93837890625 0.18978515624999998 0.02059873046875
2.09609375 0.0205224609375 0.28681640625 1.96025390625 0.22916015625 0.00270185546875
2.49609375 0.0280224609375 0.33681640625 1.61025390625 0.13916015625 0.015151855468750001
2.6960937499999997 0.0167724609375 0.26181640625 2.13525390625 0.18416015624999998 0.02137685546875
2.29609375 0.024272460937499997 0.31181640624999996 1.78525390625 0.27416015625 0.00892685546875
2.39609375 0.0186474609375 0.34931640625 1.87275390625 0.29666015625 0.005814355468750001
2.79609375 0.0261474609375 0.29931640625 2.22275390625 0.20666015625 0.01826435546875
2.5960937499999996 0.0223974609375 0.32431640624999997 1.69775390625 0.16166015625 0.02448935546875
2.19609375 0.0298974609375 0.27431640625 2.04775390625 0.25166015625 0.01203935546875
2.14609375 0.0158349609375 0.31806640625 2.2665039062499996 0.12791015625 0.007370605468750001
2.54609375 0.0233349609375 0.26806640625 1.91650390625 0.21791015625 0.019820605468750002
2.74609375 0.0195849609375 0.34306640624999996 2.09150390625 0.26291015625 0.01359560546875
2.34609375 0.0270849609375 0.29306640624999997 1.74150390625 0.17291015625 0.00114560546875
2.24609375 0.021459960937499998 0.25556640625 1.65400390625 0.19541015625 0.01048310546875
2.64609375 0.0289599609375 0.30556640625 2.00400390625 0.28541015625 0.022933105468750003
2.4460937499999997 0.017709960937499998 0.28056640625 1.82900390625 0.24041015625 0.01670810546875
2.04609375 0.025209960937499998 0.33056640625 2.1790039062499997 0.15041015624999998 0.0042581054687500005
2.03359375 0.0207568359375 0.30712890625 2.05869140625 0.29384765625 0.0015346679687500001
2.43359375 0.0282568359375 0.25712890625 1.70869140625 0.20384765625 0.013984667968750001
2.6335937499999997 0.0170068359375 0.33212890624999997 2.2336914062499997 0.15884765625 0.02020966796875
2.23359375 0.0245068359375 0.28212890625 1.88369140625 0.24884765625 0.007759667968750001
2.33359375 0.0151318359375 0.26962890625 1.79619140625 0.22634765624999997 0.004647167968750001
2.73359375 0.022631835937499997 0.31962890624999996 2.14619140625 0.13634765625 0.01709716796875
2.5335937499999996 0.0188818359375 0.29462890625 1.6211914062500001 0.18134765625 0.02332216796875
2.13359375 0.0263818359375 0.34462890625 1.97119140625 0.27134765625 0.01087216796875
2.18359375 0.0179443359375 0.28837890625 2.18994140625 0.19259765625 0.00931591796875
2.58359375 0.0254443359375 0.33837890625 1.83994140625 0.28259765625 0.02176591796875
2.7835937499999996 0.0216943359375 0.26337890625 2.01494140625 0.23759765625 0.01554091796875
2.3835937499999997 0.0291943359375 0.31337890625 1.66494140625 0.14759765625 0.0030909179687500002
2.28359375 0.019819335937499998 0.32587890625 1.75244140625 0.12509765625 0.012428417968750001
2.68359375 0.0273193359375 0.27587890625 2.1024414062499996 0.21509765625 0.02487841796875
2.48359375 0.0160693359375 0.30087890624999997 1.92744140625 0.26009765625000003 0.018653417968750002
2.08359375 0.023569335937499998 0.25087890625 2.27744140625 0.17009765625 0.0062034179687500005
2.05859375 0.0165380859375 0.34150390625 1.64306640625 0.25447265625 0.024100292968750003
2.45859375 0.0240380859375 0.29150390625 1.9930664062499999 0.16447265625 0.01165029296875
2.6585937499999996 0.0202880859375 0.31650390624999997 1.81806640625 0.20947265625 0.00542529296875
2.25859375 0.0277880859375 0.26650390625 2.16806640625 0.29947265624999997 0.01787529296875
2.35859375 0.0221630859375 0.27900390625 2.25556640625 0.27697265625 0.020987792968750002
2.7585937499999997 0.0296630859375 0.32900390625 1.90556640625 0.18697265624999998 0.00853779296875
2.55859375 0.0184130859375 0.25400390625 2.08056640625 0.14197265625 0.00231279296875
2.15859375 0.025913085937499997 0.30400390625 1.7305664062500001 0.23197265625 0.01476279296875
2.10859375 0.019350585937499998 0.26025390625 1.94931640625 0.15322265624999998 0.01631904296875
2.5085937499999997 0.026850585937499998 0.31025390625 2.29931640625 0.24322265625 0.00386904296875
2.70859375 0.0156005859375 0.28525390625 1.77431640625 0.28822265625 0.01009404296875
2.30859375 0.0231005859375 0.33525390624999996 2.1243164062499997 0.19822265625 0.02254404296875
2.20859375 0.0174755859375 0.32275390625 2.03681640625 0.17572265625 0.01320654296875
2.60859375 0.0249755859375 0.27275390625 1.68681640625 0.26572265625 0.00075654296875
2.40859375 0.0212255859375 0.34775390624999997 2.2118164062499996 0.22072265624999998 0.006981542968750001
2.00859375 0.0287255859375 0.29775390625 1.86181640625 0.13072265624999999 0.01943154296875
2.01171875 0.016245117187499998 0.32470703125 2.15986328125 0.22283203125 0.006106152343750001
2.41171875 0.023745117187499998 0.27470703125 1.80986328125 0.13283203124999998 0.01855615234375
2.6117187499999996 0.0199951171875 0.34970703124999997 1.98486328125 0.17783203125 0.02478115234375
2.21171875 0.0274951171875 0.29970703125 1.6348632812500001 0.26783203125 0.01233115234375
2.31171875 0.0218701171875 0.26220703125 1.72236328125 0.29033203124999996 0.00299365234375
2.7117187499999997 0.0293701171875 0.31220703125 2.07236328125 0.20033203125 0.015443652343750001
2.51171875 0.0181201171875 0.28720703125 1.89736328125 0.15533203125 0.02166865234375
2.11171875 0.0256201171875 0.33720703124999996 2.2473632812499997 0.24533203125 0.00921865234375
2.16171875 0.0190576171875 0.28095703125 2.1161132812499996 0.12158203125 0.01077490234375
2.56171875 0.0265576171875 0.33095703125 1.76611328125 0.21158203125 0.023224902343750003
2.76171875 0.015307617187499999 0.25595703125 2.29111328125 0.25658203125 0.01699990234375
2.36171875 0.0228076171875 0.30595703125 1.9411132812499998 0.16658203124999998 0.0045499023437500005
2.26171875 0.0171826171875 0.34345703125 1.85361328125 0.18908203125 0.007662402343750001
2.66171875 0.0246826171875 0.29345703125 2.20361328125 0.27908203125 0.020112402343750002
2.4617187499999997 0.0209326171875 0.31845703124999997 1.67861328125 0.23408203125 0.01388740234375
2.06171875 0.0284326171875 0.26845703125 2.0286132812499997 0.14408203125 0.0014374023437500002
2.08671875 0.0214013671875 0.32783203125 1.87548828125 0.27345703125 0.01933427734375
2.4867187499999996 0.0289013671875 0.27783203125 2.2254882812499996 0.18345703125 0.006884277343750001
2.68671875 0.0176513671875 0.30283203124999997 1.70048828125 0.13845703125 0.0006592773437500001
2.28671875 0.0251513671875 0.25283203125 2.05048828125 0.22845703125 0.01310927734375
2.38671875 0.0157763671875 0.29033203125 1.96298828125 0.25095703125 0.022446777343750002
2.78671875 0.0232763671875 0.34033203125 1.61298828125 0.16095703125 0.00999677734375
2.5867187499999997 0.019526367187499998 0.26533203125 2.1379882812499997 0.20595703124999998 0.0037717773437500003
2.18671875 0.027026367187499997 0.31533203125 1.78798828125 0.29595703125 0.01622177734375
2.13671875 0.0185888671875 0.27158203125 1.65673828125 0.17220703125 0.01466552734375
2.53671875 0.0260888671875 0.32158203124999996 2.00673828125 0.26220703125 0.00221552734375
2.7367187499999996 0.0223388671875 0.29658203125 1.83173828125 0.21720703125 0.00844052734375
2.3367187499999997 0.0298388671875 0.34658203125 2.18173828125 0.12720703125 0.02089052734375
2.23671875 0.0204638671875 0.30908203125 2.26923828125 0.14970703124999998 0.017778027343750002
2.63671875 0.027963867187499998 0.25908203125 1.91923828125 0.23970703124999998 0.005328027343750001
2.43671875 0.0167138671875 0.33408203124999997 2.09423828125 0.28470703124999996 0.011553027343750001
2.03671875 0.0242138671875 0.28408203125 1.74423828125 0.19470703125 0.02400302734375
2.04921875 0.0197607421875 0.25439453125 1.77705078125 0.24814453125 0.02050146484375
2.44921875 0.0272607421875 0.30439453125 2.12705078125 0.15814453125 0.00805146484375
2.6492187499999997 0.0160107421875 0.27939453125 1.60205078125 0.20314453124999998 0.0018264648437500003
2.24921875 0.0235107421875 0.32939453124999996 1.95205078125 0.29314453124999995 0.014276464843750001
2.34921875 0.017885742187499998 0.31689453125 2.03955078125 0.27064453125 0.02361396484375
2.74921875 0.025385742187499998 0.26689453125 1.6895507812500001 0.18064453125 0.01116396484375
2.5492187499999996 0.0216357421875 0.34189453124999997 2.21455078125 0.13564453125 0.004938964843750001
2.14921875 0.0291357421875 0.29189453125 1.86455078125 0.22564453125 0.01738896484375
2.19921875 0.015073242187499999 0.34814453125 1.73330078125 0.14689453125 0.012720214843750001
2.59921875 0.0225732421875 0.29814453125 2.0833007812499997 0.23689453124999998 0.00027021484375
2.7992187499999996 0.0188232421875 0.32314453125 1.90830078125 0.28189453124999997 0.0064952148437500004
2.3992187499999997 0.0263232421875 0.27314453125 2.25830078125 0.19189453125 0.018945214843750002
2.29921875 0.0206982421875 0.28564453125 2.1708007812499996 0.16939453124999998 0.01583271484375
2.69921875 0.0281982421875 0.33564453125 1.82080078125 0.25939453125 0.00338271484375
2.49921875 0.0169482421875 0.26064453125 1.9958007812499998 0.21439453125 0.00960771484375
2.09921875 0.024448242187499997 0.31064453124999997 1.6458007812500002 0.12439453125 0.02205771484375
2.07421875 0.0174169921875 0.29501953124999997 2.23642578125 0.29876953125 0.004160839843750001
2.47421875 0.0249169921875 0.34501953124999996 1.88642578125 0.20876953124999997 0.01661083984375
2.6742187499999996 0.021166992187499997 0.27001953125 2.06142578125 0.16376953125 0.02283583984375
2.27421875 0.028666992187499997 0.32001953125 1.71142578125 0.25376953125 0.01038583984375
2.37421875 0.0192919921875 0.33251953125 1.62392578125 0.23126953125 0.0010483398437500001
2.7742187499999997 0.0267919921875 0.28251953125 1.97392578125 0.14126953125 0.01349833984375
2.57421875 0.0155419921875 0.30751953125 1.79892578125 0.18626953125 0.01972333984375
2.17421875 0.0230419921875 0.25751953125 2.14892578125 0.27626953125 0.007273339843750001
2.12421875 0.022104492187499998 0.30126953125 2.01767578125 0.19751953125 0.01194208984375
2.5242187499999997 0.029604492187499998 0.25126953125 1.66767578125 0.28751953124999996 0.024392089843750003
2.72421875 0.018354492187499998 0.32626953124999997 2.1926757812499997 0.24251953124999998 0.01816708984375
2.32421875 0.0258544921875 0.27626953125 1.84267578125 0.15251953125 0.005717089843750001
2.22421875 0.0164794921875 0.26376953125 1.93017578125 0.13001953125 0.008829589843750001
2.62421875 0.0239794921875 0.31376953124999996 2.2801757812499996 0.22001953125 0.021279589843750002
2.42421875 0.0202294921875 0.28876953125 1.75517578125 0.26501953125 0.01505458984375
2.02421875 0.0277294921875 0.33876953125 2.10517578125 0.17501953125 0.00260458984375
2.01796875 0.0217529296875 0.29267578125 1.6731445312500002 0.15673828125 0.00785693359375
2.41796875 0.0292529296875 0.34267578125 2.02314453125 0.24673828125 0.02030693359375
2.6179687499999997 0.0180029296875 0.26767578125 1.84814453125 0.29173828125 0.01408193359375
2.21796875 0.0255029296875 0.31767578124999996 2.1981445312499996 0.20173828124999998 0.0016319335937500002
2.31796875 0.0161279296875 0.33017578124999997 2.28564453125 0.17923828125 0.01096943359375
2.71796875 0.0236279296875 0.28017578125 1.93564453125 0.26923828125 0.02341943359375
2.5179687499999996 0.0198779296875 0.30517578125 2.1106445312499997 0.22423828125 0.01719443359375
2.11796875 0.027377929687499997 0.25517578125 1.76064453125 0.13423828125 0.004744433593750001
2.16796875 0.017065429687499998 0.31142578125 1.89189453125 0.23548828125 0.00318818359375
2.56796875 0.0245654296875 0.26142578125 2.24189453125 0.14548828125 0.01563818359375
2.7679687499999996 0.020815429687499998 0.33642578125 1.7168945312500001 0.19048828125 0.021863183593750002
2.3679687499999997 0.028315429687499998 0.28642578125 2.06689453125 0.28048828125 0.009413183593750001
2.26796875 0.0189404296875 0.27392578125 1.9793945312499999 0.25798828124999995 0.006300683593750001
2.66796875 0.0264404296875 0.32392578125 1.62939453125 0.16798828124999998 0.01875068359375
2.46796875 0.0151904296875 0.29892578124999997 2.15439453125 0.12298828125 0.024975683593750003
2.06796875 0.0226904296875 0.34892578124999996 1.80439453125 0.21298828125 0.01252568359375
2.09296875 0.0156591796875 0.25830078125 2.08876953125 0.20736328124999998 0.01797255859375
2.4929687499999997 0.0231591796875 0.30830078125 1.73876953125 0.29736328125 0.005522558593750001
2.69296875 0.0194091796875 0.28330078125 2.26376953125 0.25236328124999996 0.01174755859375
2.29296875 0.0269091796875 0.33330078124999996 1.91376953125 0.16236328125 0.02419755859375
2.39296875 0.021284179687499998 0.32080078125 1.82626953125 0.13986328125 0.014860058593750001
2.79296875 0.0287841796875 0.27080078125 2.17626953125 0.22986328125 0.00241005859375
2.59296875 0.0175341796875 0.34580078124999997 1.65126953125 0.27486328125 0.00863505859375
2.19296875 0.025034179687499998 0.29580078125 2.00126953125 0.18486328125 0.02108505859375
2.14296875 0.0203466796875 0.33955078125 2.13251953125 0.28611328125 0.022641308593750003
2.54296875 0.0278466796875 0.28955078125 1.78251953125 0.19611328125 0.01019130859375
2.7429687499999997 0.0165966796875 0.31455078124999997 1.95751953125 0.15111328125 0.0039663085937500005
2.34296875 0.024096679687499997 0.26455078125 1.6075195312500001 0.24111328124999998 0.01641630859375
2.24296875 0.0184716796875 0.27705078125 1.69501953125 0.21861328124999999 0.019528808593750002
2.6429687499999996 0.0259716796875 0.32705078125 2.04501953125 0.12861328125 0.007078808593750001
2.44296875 0.0222216796875 0.25205078125 1.87001953125 0.17361328125 0.0008538085937500001
2.04296875 0.0297216796875 0.30205078125 2.2200195312499997 0.26361328125 0.01330380859375
2.03046875 0.0182373046875 0.33486328125 2.01220703125 0.13142578124999998 0.01602724609375
2.4304687499999997 0.025737304687499997 0.28486328125 1.6622070312500001 0.22142578125 0.00357724609375
2.63046875 0.0219873046875 0.30986328124999996 2.18720703125 0.26642578125 0.00980224609375
2.23046875 0.0294873046875 0.25986328125 1.83720703125 0.17642578125 0.02225224609375
2.33046875 0.0201123046875 0.29736328125 1.92470703125 0.19892578125 0.01291474609375
2.73046875 0.0276123046875 0.34736328125 2.2747070312499997 0.28892578125 0.00046474609375000004
2.53046875 0.0163623046875 0.27236328125 1.74970703125 0.24392578124999997 0.006689746093750001
2.13046875 0.0238623046875 0.32236328124999997 2.09970703125 0.15392578125 0.01913974609375
2.18046875 0.0210498046875 0.26611328125 2.23095703125 0.21017578125 0.023808496093750003
2.5804687499999996 0.0285498046875 0.31611328125 1.88095703125 0.12017578125 0.01135849609375
2.78046875 0.0172998046875 0.29111328124999997 2.0559570312499997 0.16517578125 0.00513349609375
2.38046875 0.0247998046875 0.34111328124999996 1.70595703125 0.25517578124999996 0.01758349609375
2.28046875 0.0154248046875 0.30361328125 1.6184570312500002 0.27767578125000003 0.020695996093750002
2.6804687499999997 0.0229248046875 0.25361328125 1.9684570312499998 0.18767578125 0.00824599609375
2.48046875 0.019174804687499998 0.32861328125 1.79345703125 0.14267578125 0.00202099609375
2.08046875 0.026674804687499998 0.27861328125 2.1434570312499996 0.23267578125 0.01447099609375
2.05546875 0.0196435546875 0.31298828125 1.77158203125 0.18205078125 0.00902412109375
2.45546875 0.027143554687499998 0.26298828125 2.12158203125 0.27205078125 0.02147412109375
2.65546875 0.0158935546875 0.33798828124999997 1.94658203125 0.22705078125 0.01524912109375
2.25546875 0.0233935546875 0.28798828125 2.29658203125 0.13705078125 0.00279912109375
2.35546875 0.0177685546875 0.25048828125 2.20908203125 0.15955078125 0.012136621093750001
2.75546875 0.0252685546875 0.30048828125 1.85908203125 0.24955078125 0.02458662109375
2.5554687499999997 0.0215185546875 0.27548828125 2.03408203125 0.29455078125 0.018361621093750002
2.15546875 0.029018554687499996 0.32548828124999996 1.68408203125 0.20455078124999998 0.0059116210937500005
2.10546875 0.0168310546875 0.28173828125 1.81533203125 0.26080078125 0.0012428710937500002
2.50546875 0.0243310546875 0.33173828125 2.1653320312499997 0.17080078124999998 0.01369287109375
2.7054687499999996 0.0205810546875 0.25673828125 1.64033203125 0.12580078125 0.01991787109375
2.30546875 0.0280810546875 0.30673828124999997 1.99033203125 0.21580078125 0.007467871093750001
2.20546875 0.022456054687499998 0.34423828125 2.07783203125 0.23830078124999998 0.00435537109375
2.60546875 0.029956054687499997 0.29423828125 1.72783203125 0.14830078124999999 0.01680537109375
2.40546875 0.0187060546875 0.31923828125 2.2528320312499996 0.19330078125 0.02303037109375
2.00546875 0.0262060546875 0.26923828125 1.90283203125 0.28330078125 0.01058037109375
2.00390625 0.0187353515625 0.28505859375 2.09833984375 0.24568359374999998 0.01364423828125
2.40390625 0.0262353515625 0.33505859374999997 1.74833984375 0.15568359375 0.00119423828125
2.6039062499999996 0.0224853515625 0.26005859375 2.2733398437499996 0.20068359375 0.007419238281250001
2.20390625 0.0299853515625 0.31005859375 1.92333984375 0.29068359374999997 0.01986923828125
2.30390625 0.0206103515625 0.34755859375 1.83583984375 0.26818359375 0.01675673828125
2.7039062499999997 0.028110351562499997 0.29755859375 2.1858398437499997 0.17818359374999998 0.004306738281250001
2.50390625 0.0168603515625 0.32255859374999996 1.66083984375 0.13318359375 0.01053173828125
2.10390625 0.0243603515625 0.27255859375 2.01083984375 0.22318359375 0.02298173828125
2.15390625 0.021547851562499998 0.31630859375 2.14208984375 0.14443359375 0.021425488281250002
2.55390625 0.029047851562499998 0.26630859375 1.79208984375 0.23443359375 0.008975488281250001
2.75390625 0.017797851562499998 0.34130859375 1.96708984375 0.27943359375 0.00275048828125
2.35390625 0.0252978515625 0.29130859375 1.61708984375 0.18943359375 0.01520048828125
2.25390625 0.0159228515625 0.25380859375 1.70458984375 0.16693359375 0.024537988281250003
2.65390625 0.0234228515625 0.30380859374999997 2.05458984375 0.25693359375 0.01208798828125
2.4539062499999997 0.0196728515625 0.27880859375 1.87958984375 0.21193359374999998 0.005862988281250001
2.05390625 0.0271728515625 0.32880859375 2.22958984375 0.12193359375 0.01831298828125
2.07890625 0.0192041015625 0.26318359375 1.6827148437500001 0.29630859374999996 0.01130986328125
2.4789062499999996 0.0267041015625 0.31318359375 2.03271484375 0.20630859375 0.02375986328125
2.67890625 0.0154541015625 0.28818359375 1.85771484375 0.16130859375 0.01753486328125
2.27890625 0.0229541015625 0.33818359374999996 2.20771484375 0.25130859375000003 0.005084863281250001
2.37890625 0.017329101562499998 0.30068359375 2.2952148437499997 0.22880859375 0.00819736328125
2.77890625 0.024829101562499997 0.25068359375 1.94521484375 0.13880859375 0.02064736328125
2.5789062499999997 0.0210791015625 0.32568359375 2.12021484375 0.18380859375 0.014422363281250001
2.17890625 0.0285791015625 0.27568359375 1.77021484375 0.27380859375 0.0019723632812500003
2.12890625 0.0163916015625 0.33193359375 1.90146484375 0.19505859375 0.00352861328125
2.52890625 0.0238916015625 0.28193359375 2.25146484375 0.28505859375 0.01597861328125
2.7289062499999996 0.0201416015625 0.30693359375 1.72646484375 0.24005859375 0.02220361328125
2.3289062499999997 0.0276416015625 0.25693359375 2.0764648437499997 0.15005859375 0.00975361328125
2.22890625 0.022016601562499998 0.29443359375 1.9889648437499998 0.12755859375 0.00041611328125000003
2.62890625 0.0295166015625 0.34443359375 1.6389648437500002 0.21755859374999997 0.012866113281250001
2.42890625 0.0182666015625 0.26943359375 2.1639648437499996 0.26255859375 0.019091113281250002
2.02890625 0.025766601562499998 0.31943359374999997 1.81396484375 0.17255859375 0.00664111328125
2.04140625 0.0222509765625 0.34287109374999997 1.75927734375 0.22599609375 0.01014267578125
2.44140625 0.029750976562499996 0.29287109375 2.1092773437499996 0.13599609375 0.022592675781250002
2.6414062499999997 0.0185009765625 0.31787109375 1.93427734375 0.18099609375 0.01636767578125
2.24140625 0.0260009765625 0.26787109375 2.28427734375 0.27099609375 0.00391767578125
2.34140625 0.0166259765625 0.28037109375 2.19677734375 0.29349609374999996 0.007030175781250001
2.74140625 0.0241259765625 0.33037109374999996 1.84677734375 0.20349609375 0.01948017578125
2.5414062499999996 0.0203759765625 0.25537109375 2.02177734375 0.15849609375 0.01325517578125
2.14140625 0.027875976562499998 0.30537109375 1.67177734375 0.24849609374999998 0.0008051757812500001
2.19140625 0.0175634765625 0.26162109375 1.80302734375 0.12474609375 0.005473925781250001
2.59140625 0.0250634765625 0.31162109374999997 2.15302734375 0.21474609374999998 0.017923925781250002
2.7914062499999996 0.0213134765625 0.28662109375 1.6280273437500001 0.25974609375 0.02414892578125
2.3914062499999997 0.0288134765625 0.33662109375 1.97802734375 0.16974609375 0.011698925781250001
2.29140625 0.0194384765625 0.32412109375 2.06552734375 0.19224609375 0.00236142578125
2.69140625 0.0269384765625 0.27412109375 1.71552734375 0.28224609375 0.01481142578125
2.49140625 0.015688476562499998 0.34912109375 2.2405273437499997 0.23724609375 0.02103642578125
2.09140625 0.023188476562499998 0.29912109375 1.89052734375 0.14724609375 0.00858642578125
2.06640625 0.015219726562499999 0.30849609375 1.9999023437499999 0.27662109375 0.015589550781250001
2.46640625 0.0227197265625 0.25849609375 1.64990234375 0.18662109375 0.00313955078125
2.6664062499999996 0.018969726562499997 0.33349609375 2.17490234375 0.14162109374999998 0.00936455078125
2.26640625 0.026469726562499997 0.28349609375 1.82490234375 0.23162109375 0.02181455078125
2.36640625 0.0208447265625 0.27099609375 1.91240234375 0.25412109375 0.01870205078125
2.7664062499999997 0.0283447265625 0.32099609375 2.26240234375 0.16412109375 0.006252050781250001
2.56640625 0.0170947265625 0.29599609374999997 1.7374023437500001 0.20912109375 0.01247705078125
2.16640625 0.0245947265625 0.34599609374999996 2.08740234375 0.29912109374999996 0.02492705078125
2.11640625 0.019907226562499998 0.28974609375 2.2186523437499996 0.17537109374999998 0.020258300781250002
2.5164062499999997 0.027407226562499998 0.33974609375 1.86865234375 0.26537109375 0.007808300781250001
2.71640625 0.016157226562499998 0.26474609375 2.04365234375 0.22037109375 0.0015833007812500002
2.31640625 0.0236572265625 0.31474609374999996 1.69365234375 0.13037109375 0.01403330078125
2.21640625 0.0180322265625 0.32724609374999997 1.60615234375 0.15287109375 0.023370800781250003
2.61640625 0.0255322265625 0.27724609375 1.95615234375 0.24287109375 0.01092080078125
2.41640625 0.0217822265625 0.30224609375 1.78115234375 0.28787109375 0.00469580078125
2.01640625 0.0292822265625 0.25224609375 2.1311523437499997 0.19787109375 0.01714580078125
2.02265625 0.020258789062499998 0.30458984375 1.86318359375 0.13458984375 0.02434345703125
2.4226562499999997 0.027758789062499997 0.25458984375 2.2131835937499997 0.22458984375 0.01189345703125
2.62265625 0.0165087890625 0.32958984375 1.68818359375 0.26958984375 0.005668457031250001
2.22265625 0.0240087890625 0.27958984375 2.03818359375 0.17958984374999998 0.01811845703125
2.32265625 0.0183837890625 0.26708984375 1.95068359375 0.20208984375 0.02123095703125
2.72265625 0.0258837890625 0.31708984375 1.6006835937500001 0.29208984375 0.00878095703125
2.52265625 0.0221337890625 0.29208984374999997 2.12568359375 0.24708984374999998 0.00255595703125
2.12265625 0.0296337890625 0.34208984374999996 1.77568359375 0.15708984374999999 0.015005957031250001
2.17265625 0.0155712890625 0.29833984375 1.64443359375 0.21333984374999998 0.01656220703125
2.5726562499999996 0.0230712890625 0.34833984375 1.99443359375 0.12333984375 0.0041122070312500005
2.77265625 0.0193212890625 0.27333984375 1.81943359375 0.16833984375 0.01033720703125
2.37265625 0.0268212890625 0.32333984374999997 2.16943359375 0.25833984374999996 0.022787207031250003
2.27265625 0.0211962890625 0.33583984375 2.25693359375 0.28083984375 0.01344970703125
2.6726562499999997 0.028696289062499998 0.28583984375 1.90693359375 0.19083984375 0.00099970703125
2.47265625 0.0174462890625 0.31083984374999996 2.08193359375 0.14583984375 0.007224707031250001
2.07265625 0.0249462890625 0.26083984375 1.73193359375 0.23583984375 0.019674707031250002
2.09765625 0.016977539062499998 0.34521484375 2.14755859375 0.18521484375 0.00022158203125000002
2.49765625 0.024477539062499998 0.29521484375 1.79755859375 0.27521484375 0.01267158203125
2.6976562499999996 0.0207275390625 0.32021484375 1.9725585937499999 0.23021484375 0.01889658203125
2.29765625 0.0282275390625 0.27021484375 1.62255859375 0.14021484374999998 0.006446582031250001
2.39765625 0.0188525390625 0.28271484375 1.7100585937500001 0.16271484375 0.00333408203125
2.7976562499999997 0.0263525390625 0.33271484375 2.06005859375 0.25271484375 0.01578408203125
2.59765625 0.0151025390625 0.25771484375 1.88505859375 0.29771484375 0.022009082031250002
2.19765625 0.0226025390625 0.30771484374999997 2.23505859375 0.20771484375 0.00955908203125
2.14765625 0.0216650390625 0.25146484375 2.1038085937499997 0.26396484374999996 0.00800283203125
2.5476562499999997 0.0291650390625 0.30146484375 1.75380859375 0.17396484375 0.02045283203125
2.74765625 0.0179150390625 0.27646484375 2.27880859375 0.12896484375 0.01422783203125
2.34765625 0.0254150390625 0.32646484374999996 1.92880859375 0.21896484374999997 0.0017778320312500002
2.24765625 0.0160400390625 0.31396484375 1.84130859375 0.24146484375 0.01111533203125
2.64765625 0.023540039062499997 0.26396484375 2.1913085937499996 0.15146484375 0.02356533203125
2.44765625 0.0197900390625 0.33896484374999997 1.6663085937500002 0.19646484375 0.01734033203125
2.04765625 0.0272900390625 0.28896484375 2.01630859375 0.28646484375 0.004890332031250001
2.03515625 0.0167431640625 0.27490234375 2.2459960937499996 0.15427734375 0.00216689453125
2.43515625 0.0242431640625 0.32490234375 1.89599609375 0.24427734375 0.01461689453125
2.6351562499999996 0.0204931640625 0.29990234374999997 2.07099609375 0.28927734375 0.020841894531250002
2.23515625 0.0279931640625 0.34990234374999996 1.72099609375 0.19927734375 0.00839189453125
2.33515625 0.0223681640625 0.31240234375 1.63349609375 0.17677734374999998 0.00527939453125
2.7351562499999997 0.0298681640625 0.26240234375 1.98349609375 0.26677734374999995 0.01772939453125
2.53515625 0.018618164062499998 0.33740234375 1.80849609375 0.22177734375 0.023954394531250003
2.13515625 0.026118164062499998 0.28740234375 2.1584960937499997 0.13177734375 0.01150439453125
2.18515625 0.0195556640625 0.33115234374999997 2.02724609375 0.23302734375 0.006835644531250001
2.58515625 0.0270556640625 0.28115234375 1.67724609375 0.14302734374999998 0.01928564453125
2.78515625 0.0158056640625 0.30615234375 2.20224609375 0.18802734375 0.01306064453125
2.38515625 0.0233056640625 0.25615234375 1.85224609375 0.27802734375 0.0006106445312500001
2.28515625 0.0176806640625 0.29365234375 1.93974609375 0.25552734374999997 0.00994814453125
2.68515625 0.025180664062499997 0.34365234375 2.28974609375 0.16552734375 0.02239814453125
2.4851562499999997 0.0214306640625 0.26865234375 1.76474609375 0.12052734375 0.01617314453125
2.08515625 0.0289306640625 0.31865234374999996 2.11474609375 0.21052734374999998 0.00372314453125
2.06015625 0.0209619140625 0.27802734375 1.78662109375 0.20490234375 0.02317626953125
2.46015625 0.0284619140625 0.32802734375 2.1366210937499996 0.29490234375 0.01072626953125
2.66015625 0.0172119140625 0.25302734375 1.6116210937500002 0.24990234374999998 0.004501269531250001
2.26015625 0.0247119140625 0.30302734375 1.9616210937499998 0.15990234375 0.01695126953125
2.3601562499999997 0.0153369140625 0.34052734375 2.0491210937499997 0.13740234375 0.02006376953125
2.7601562499999996 0.022836914062499998 0.29052734375 1.69912109375 0.22740234374999999 0.007613769531250001
2.56015625 0.019086914062499998 0.31552734374999997 2.22412109375 0.27240234375 0.0013887695312500001
2.16015625 0.0265869140625 0.26552734375 1.87412109375 0.18240234375 0.013838769531250001
2.11015625 0.0181494140625 0.32177734375 1.74287109375 0.28365234375 0.018507519531250002
2.5101562499999996 0.0256494140625 0.27177734375 2.09287109375 0.19365234375 0.0060575195312500005
2.71015625 0.021899414062499997 0.34677734374999997 1.91787109375 0.14865234375 0.012282519531250001
2.31015625 0.029399414062499997 0.29677734375 2.2678710937499997 0.23865234375 0.02473251953125
2.21015625 0.0200244140625 0.25927734375 2.18037109375 0.21615234374999998 0.01539501953125
2.6101562499999997 0.0275244140625 0.30927734375 1.83037109375 0.12615234375 0.0029450195312500003
2.41015625 0.0162744140625 0.28427734375 2.00537109375 0.17115234375 0.00917001953125
2.01015625 0.0237744140625 0.33427734374999996 1.6553710937500001 0.26115234374999996 0.02162001953125
2.00703125 0.0212548828125 0.25732421875 1.96982421875 0.18029296875 0.00382041015625
2.4070312499999997 0.0287548828125 0.30732421875 1.61982421875 0.27029296875 0.01627041015625
2.60703125 0.0175048828125 0.28232421875 2.1448242187499997 0.22529296875 0.02249541015625
2.20703125 0.025004882812499997 0.33232421874999996 1.79482421875 0.13529296875 0.01004541015625
2.30703125 0.0156298828125 0.31982421875 1.88232421875 0.15779296874999998 0.0007079101562500001
2.70703125 0.0231298828125 0.26982421875 2.2323242187499996 0.24779296874999998 0.013157910156250001
2.50703125 0.0193798828125 0.34482421874999997 1.70732421875 0.29279296875 0.019382910156250002
2.10703125 0.0268798828125 0.29482421875 2.05732421875 0.20279296875 0.00693291015625
2.15703125 0.018442382812499998 0.33857421875 2.27607421875 0.25904296875 0.01160166015625
2.5570312499999996 0.025942382812499998 0.28857421875 1.92607421875 0.16904296875 0.02405166015625
2.75703125 0.022192382812499998 0.31357421874999997 2.10107421875 0.12404296875 0.01782666015625
2.35703125 0.0296923828125 0.26357421875 1.75107421875 0.21404296875 0.005376660156250001
2.25703125 0.0203173828125 0.27607421875 1.66357421875 0.23654296874999997 0.00848916015625
2.6570312499999997 0.0278173828125 0.32607421875 2.01357421875 0.14654296875 0.02093916015625
2.45703125 0.0165673828125 0.25107421875 1.83857421875 0.19154296875 0.014714160156250001
2.05703125 0.0240673828125 0.30107421875 2.18857421875 0.28154296874999996 0.00226416015625
2.08203125 0.0160986328125 0.29169921875 1.72919921875 0.14091796874999998 0.021717285156250002
2.48203125 0.0235986328125 0.34169921875 2.07919921875 0.23091796874999998 0.009267285156250001
2.6820312499999996 0.0198486328125 0.26669921875 1.90419921875 0.27591796874999996 0.00304228515625
2.28203125 0.0273486328125 0.31669921874999996 2.2541992187499997 0.18591796875 0.01549228515625
2.38203125 0.021723632812499998 0.32919921874999997 2.16669921875 0.20841796875 0.024829785156250003
2.7820312499999997 0.029223632812499997 0.27919921875 1.81669921875 0.29841796875 0.01237978515625
2.58203125 0.0179736328125 0.30419921875 1.99169921875 0.25341796875 0.006154785156250001
2.18203125 0.0254736328125 0.25419921875 1.6416992187500001 0.16341796875 0.01860478515625
2.13203125 0.0189111328125 0.31044921875 1.86044921875 0.21966796875 0.01393603515625
2.5320312499999997 0.026411132812499998 0.26044921875 2.21044921875 0.12966796875 0.00148603515625
2.73203125 0.015161132812499999 0.33544921875 1.68544921875 0.17466796874999999 0.0077110351562500005
2.33203125 0.0226611328125 0.28544921875 2.0354492187499997 0.26466796875 0.02016103515625
2.23203125 0.0170361328125 0.27294921875 2.1229492187499996 0.28716796875 0.01704853515625
2.63203125 0.0245361328125 0.32294921875 1.77294921875 0.19716796874999998 0.004598535156250001
2.43203125 0.0207861328125 0.29794921874999997 2.29794921875 0.15216796875 0.01082353515625
2.03203125 0.028286132812499996 0.34794921874999996 1.9479492187499998 0.24216796875 0.02327353515625
2.04453125 0.0177392578125 0.31513671875 1.63076171875 0.19998046874999997 0.01977197265625
2.44453125 0.0252392578125 0.26513671875 1.98076171875 0.28998046875 0.007321972656250001
2.64453125 0.0214892578125 0.34013671874999996 1.80576171875 0.24498046874999999 0.0010969726562500002
2.24453125 0.0289892578125 0.29013671875 2.15576171875 0.15498046875 0.01354697265625
2.3445312499999997 0.0196142578125 0.25263671875 2.24326171875 0.13248046875 0.02288447265625
2.7445312499999996 0.0271142578125 0.30263671875 1.89326171875 0.22248046875 0.01043447265625
2.54453125 0.0158642578125 0.27763671875 2.06826171875 0.26748046875 0.00420947265625
2.14453125 0.023364257812499997 0.32763671875 1.71826171875 0.17748046875 0.01665947265625
2.19453125 0.0224267578125 0.28388671875 1.93701171875 0.27873046874999996 0.01510322265625
2.5945312499999997 0.0299267578125 0.33388671875 2.2870117187499996 0.18873046875 0.00265322265625
2.79453125 0.0186767578125 0.25888671875 1.76201171875 0.14373046875 0.00887822265625
2.39453125 0.0261767578125 0.30888671875 2.11201171875 0.23373046874999998 0.02132822265625
2.29453125 0.0168017578125 0.34638671875 2.02451171875 0.21123046875 0.018215722656250002
2.69453125 0.024301757812499998 0.29638671875 1.67451171875 0.12123046875 0.0057657226562500006
2.4945312499999996 0.020551757812499998 0.32138671874999997 2.1995117187499997 0.16623046875 0.011990722656250001
2.09453125 0.0280517578125 0.27138671875 1.84951171875 0.25623046875 0.02444072265625
2.06953125 0.020083007812499998 0.33701171874999997 2.04638671875 0.16060546874999998 0.00498759765625
2.4695312499999997 0.027583007812499998 0.28701171875 1.6963867187500001 0.25060546875 0.01743759765625
2.66953125 0.016333007812499998 0.31201171875 2.22138671875 0.29560546875 0.023662597656250003
2.26953125 0.0238330078125 0.26201171875 1.87138671875 0.20560546875 0.01121259765625
2.36953125 0.0182080078125 0.29951171875 1.78388671875 0.18310546875 0.0018750976562500001
2.76953125 0.0257080078125 0.34951171875 2.13388671875 0.27310546874999997 0.01432509765625
2.56953125 0.0219580078125 0.27451171875 1.60888671875 0.22810546874999998 0.020550097656250002
2.16953125 0.0294580078125 0.32451171874999996 1.95888671875 0.13810546875 0.00810009765625
2.11953125 0.015395507812499999 0.26826171875 2.1776367187499996 0.23935546875 0.00965634765625
2.51953125 0.0228955078125 0.31826171875 1.82763671875 0.14935546875 0.02210634765625
2.7195312499999997 0.0191455078125 0.29326171875 2.00263671875 0.19435546874999998 0.01588134765625
2.31953125 0.026645507812499997 0.34326171875 1.6526367187500002 0.28435546874999995 0.00343134765625
2.21953125 0.0210205078125 0.30576171874999997 1.74013671875 0.26185546875 0.006543847656250001
2.6195312499999996 0.0285205078125 0.25576171875 2.0901367187499997 0.17185546875 0.01899384765625
2.41953125 0.0172705078125 0.33076171875 1.91513671875 0.12685546875 0.01276884765625
2.01953125 0.0247705078125 0.28076171875 2.26513671875 0.21685546875 0.00031884765625
2.01328125 0.0157470703125 0.32529296874999997 1.82216796875 0.29138671875 0.00829462890625
2.41328125 0.0232470703125 0.27529296875 2.1721679687499997 0.20138671875 0.02074462890625
2.61328125 0.0194970703125 0.30029296875 1.64716796875 0.15638671875 0.01451962890625
2.21328125 0.0269970703125 0.25029296875 1.99716796875 0.24638671874999998 0.00206962890625
2.31328125 0.021372070312499998 0.28779296875 2.08466796875 0.22388671875 0.011407128906250001
2.7132812499999996 0.028872070312499998 0.33779296875 1.73466796875 0.13388671875 0.02385712890625
2.51328125 0.017622070312499998 0.26279296875 2.2596679687499996 0.17888671875 0.017632128906250003
2.11328125 0.0251220703125 0.31279296874999996 1.90966796875 0.26888671875000003 0.005182128906250001
2.16328125 0.020434570312499997 0.26904296875 1.69091796875 0.19013671875 0.0005133789062500001
2.5632812499999997 0.027934570312499997 0.31904296875 2.04091796875 0.28013671875 0.01296337890625
2.76328125 0.0166845703125 0.29404296874999997 1.86591796875 0.23513671874999997 0.01918837890625
2.36328125 0.0241845703125 0.34404296874999996 2.21591796875 0.14513671875 0.006738378906250001
2.26328125 0.0185595703125 0.30654296875 2.12841796875 0.12263671875 0.0036258789062500003
2.66328125 0.0260595703125 0.25654296875 1.77841796875 0.21263671875 0.01607587890625
2.46328125 0.0223095703125 0.33154296875 1.95341796875 0.25763671875 0.022300878906250002
2.06328125 0.0298095703125 0.28154296875 1.60341796875 0.16763671875 0.00985087890625
2.08828125 0.0218408203125 0.32216796875 2.2815429687499997 0.25201171875 0.01685400390625
2.48828125 0.029340820312499998 0.27216796875 1.93154296875 0.16201171874999998 0.0044040039062500005
2.6882812499999997 0.0180908203125 0.34716796875 2.10654296875 0.20701171875 0.01062900390625
2.28828125 0.0255908203125 0.29716796875 1.75654296875 0.29701171875 0.023079003906250003
2.38828125 0.0162158203125 0.25966796875 1.6690429687500001 0.27451171875 0.01374150390625
2.78828125 0.023715820312499997 0.30966796874999997 2.01904296875 0.18451171875 0.0012915039062500002
2.5882812499999996 0.0199658203125 0.28466796875 1.84404296875 0.13951171874999999 0.007516503906250001
2.18828125 0.0274658203125 0.33466796875 2.19404296875 0.22951171874999998 0.019966503906250002
2.13828125 0.017153320312499998 0.27841796875 1.9752929687499998 0.15076171875 0.02463525390625
2.53828125 0.024653320312499998 0.32841796874999996 1.6252929687500002 0.24076171875 0.01218525390625
2.73828125 0.0209033203125 0.25341796875 2.1502929687499996 0.28576171875 0.005960253906250001
2.33828125 0.0284033203125 0.30341796875 1.80029296875 0.19576171874999998 0.01841025390625
2.23828125 0.0190283203125 0.34091796874999997 1.88779296875 0.17326171875 0.02152275390625
2.63828125 0.0265283203125 0.29091796875 2.23779296875 0.26326171875 0.00907275390625
2.4382812499999997 0.0152783203125 0.31591796875 1.71279296875 0.21826171875 0.00284775390625
2.03828125 0.0227783203125 0.26591796875 2.0627929687499997 0.12826171875 0.015297753906250001
2.02578125 0.0192626953125 0.29560546875 2.2049804687499996 0.27169921875 0.01802119140625
2.42578125 0.0267626953125 0.34560546875 1.85498046875 0.18169921875 0.00557119140625
2.6257812499999997 0.0155126953125 0.27060546875 2.02998046875 0.13669921875 0.01179619140625
2.22578125 0.023012695312499998 0.32060546874999996 1.67998046875 0.22669921875 0.024246191406250003
2.32578125 0.0173876953125 0.33310546874999997 1.76748046875 0.24919921874999998 0.01490869140625
2.72578125 0.0248876953125 0.28310546875 2.1174804687499997 0.15919921874999998 0.00245869140625
2.5257812499999996 0.0211376953125 0.30810546875 1.94248046875 0.20419921875 0.00868369140625
2.12578125 0.0286376953125 0.25810546875 2.29248046875 0.29419921875 0.021133691406250002
2.17578125 0.0164501953125 0.30185546874999997 2.07373046875 0.17044921875 0.02268994140625
2.57578125 0.0239501953125 0.25185546875 1.7237304687500001 0.26044921875 0.01023994140625
2.7757812499999996 0.0202001953125 0.32685546875 2.24873046875 0.21544921875 0.004014941406250001
2.3757812499999997 0.0277001953125 0.27685546875 1.89873046875 0.12544921875 0.01646494140625
2.27578125 0.0220751953125 0.26435546875 1.81123046875 0.14794921875 0.01957744140625
2.67578125 0.029575195312499997 0.31435546875 2.16123046875 0.23794921875 0.007127441406250001
2.47578125 0.0183251953125 0.28935546875 1.63623046875 0.28294921875 0.0009024414062500001
2.07578125 0.0258251953125 0.33935546875 1.9862304687499999 0.19294921874999998 0.01335244140625
2.05078125 0.0178564453125 0.25498046875 1.92060546875 0.23232421874999998 0.0063493164062500005
2.45078125 0.0253564453125 0.30498046875 2.27060546875 0.14232421875 0.018799316406250002
2.6507812499999996 0.0216064453125 0.27998046875 1.74560546875 0.18732421875 0.012574316406250001
2.25078125 0.0291064453125 0.32998046875 2.09560546875 0.27732421875 0.00012431640625
2.35078125 0.0197314453125 0.31748046874999997 2.00810546875 0.29982421875 0.00946181640625
2.7507812499999997 0.027231445312499998 0.26748046875 1.65810546875 0.20982421874999999 0.02191181640625
2.55078125 0.0159814453125 0.34248046875 2.18310546875 0.16482421875 0.01568681640625
2.15078125 0.0234814453125 0.29248046875 1.83310546875 0.25482421875 0.0032368164062500002
2.10078125 0.0206689453125 0.34873046874999997 1.6143554687500001 0.13107421875 0.00168056640625
2.5007812499999997 0.0281689453125 0.29873046875 1.96435546875 0.22107421875 0.014130566406250001
2.70078125 0.0169189453125 0.32373046875 1.78935546875 0.26607421875 0.02035556640625
2.30078125 0.0244189453125 0.27373046875 2.13935546875 0.17607421874999998 0.00790556640625
2.20078125 0.0150439453125 0.28623046875 2.2268554687499997 0.19857421874999998 0.004793066406250001
2.60078125 0.0225439453125 0.33623046874999996 1.87685546875 0.28857421875 0.01724306640625
2.40078125 0.018793945312499998 0.26123046875 2.05185546875 0.24357421875 0.02346806640625
2.00078125 0.026293945312499997 0.31123046875 1.70185546875 0.15357421875 0.01101806640625
